 1.00000000e+00 -1.03232300e+02 
 1.12201845e+00 -1.03232300e+02 
 1.25892541e+00 -1.03232300e+02 
 1.41253754e+00 -1.03232300e+02 
 1.58489319e+00 -1.03232300e+02 
 1.77827941e+00 -1.03232300e+02 
 1.99526231e+00 -1.03232300e+02 
 2.23872114e+00 -1.03232300e+02 
 2.51188643e+00 -1.03232300e+02 
 2.81838293e+00 -1.03232300e+02 
 3.16227766e+00 -1.03232300e+02 
 3.54813389e+00 -1.03232300e+02 
 3.98107171e+00 -1.03232300e+02 
 4.46683592e+00 -1.03232300e+02 
 5.01187234e+00 -1.03232300e+02 
 5.62341325e+00 -1.03232300e+02 
 6.30957344e+00 -1.03232300e+02 
 7.07945784e+00 -1.03232300e+02 
 7.94328235e+00 -1.03232300e+02 
 8.91250938e+00 -1.03232300e+02 
 1.00000000e+01 -1.03232300e+02 
 1.12201845e+01 -1.03232300e+02 
 1.25892541e+01 -1.03232300e+02 
 1.41253754e+01 -1.03232300e+02 
 1.58489319e+01 -1.03232300e+02 
 1.77827941e+01 -1.03232300e+02 
 1.99526231e+01 -1.03232300e+02 
 2.23872114e+01 -1.03232300e+02 
 2.51188643e+01 -1.03232300e+02 
 2.81838293e+01 -1.03232300e+02 
 3.16227766e+01 -1.03232300e+02 
 3.54813389e+01 -1.03232300e+02 
 3.98107171e+01 -1.03232300e+02 
 4.46683592e+01 -1.03232300e+02 
 5.01187234e+01 -1.03232300e+02 
 5.62341325e+01 -1.03232300e+02 
 6.30957344e+01 -1.03232300e+02 
 7.07945784e+01 -1.03232300e+02 
 7.94328235e+01 -1.03232300e+02 
 8.91250938e+01 -1.03232300e+02 
 1.00000000e+02 -1.03232300e+02 
 1.12201845e+02 -1.03232300e+02 
 1.25892541e+02 -1.03232300e+02 
 1.41253754e+02 -1.03232300e+02 
 1.58489319e+02 -1.03232300e+02 
 1.77827941e+02 -1.03232300e+02 
 1.99526231e+02 -1.03232300e+02 
 2.23872114e+02 -1.03232300e+02 
 2.51188643e+02 -1.03232300e+02 
 2.81838293e+02 -1.03232300e+02 
 3.16227766e+02 -1.03232300e+02 
 3.54813389e+02 -1.03232300e+02 
 3.98107171e+02 -1.03232300e+02 
 4.46683592e+02 -1.03232300e+02 
 5.01187234e+02 -1.03232300e+02 
 5.62341325e+02 -1.03232300e+02 
 6.30957344e+02 -1.03232300e+02 
 7.07945784e+02 -1.03232300e+02 
 7.94328235e+02 -1.03232300e+02 
 8.91250938e+02 -1.03232300e+02 
 1.00000000e+03 -1.03232300e+02 
 1.12201845e+03 -1.03232300e+02 
 1.25892541e+03 -1.03232300e+02 
 1.41253754e+03 -1.03232300e+02 
 1.58489319e+03 -1.03232300e+02 
 1.77827941e+03 -1.03232300e+02 
 1.99526231e+03 -1.03232300e+02 
 2.23872114e+03 -1.03232300e+02 
 2.51188643e+03 -1.03232300e+02 
 2.81838293e+03 -1.03232300e+02 
 3.16227766e+03 -1.03232300e+02 
 3.54813389e+03 -1.03232300e+02 
 3.98107171e+03 -1.03232300e+02 
 4.46683592e+03 -1.03232300e+02 
 5.01187234e+03 -1.03232300e+02 
 5.62341325e+03 -1.03232300e+02 
 6.30957344e+03 -1.03232300e+02 
 7.07945784e+03 -1.03232300e+02 
 7.94328235e+03 -1.03232300e+02 
 8.91250938e+03 -1.03232300e+02 
 1.00000000e+04 -1.03232300e+02 
 1.12201845e+04 -1.03232300e+02 
 1.25892541e+04 -1.03232300e+02 
 1.41253754e+04 -1.03232300e+02 
 1.58489319e+04 -1.03232300e+02 
 1.77827941e+04 -1.03232300e+02 
 1.99526231e+04 -1.03232300e+02 
 2.23872114e+04 -1.03232300e+02 
 2.51188643e+04 -1.03232300e+02 
 2.81838293e+04 -1.03232300e+02 
 3.16227766e+04 -1.03232300e+02 
 3.54813389e+04 -1.03232300e+02 
 3.98107171e+04 -1.03232300e+02 
 4.46683592e+04 -1.03232300e+02 
 5.01187234e+04 -1.03232300e+02 
 5.62341325e+04 -1.03232300e+02 
 6.30957344e+04 -1.03232300e+02 
 7.07945784e+04 -1.03232300e+02 
 7.94328235e+04 -1.03232300e+02 
 8.91250938e+04 -1.03232300e+02 
 1.00000000e+05 -1.03232300e+02 
 1.12201845e+05 -1.03232300e+02 
 1.25892541e+05 -1.03232300e+02 
 1.41253754e+05 -1.03232300e+02 
 1.58489319e+05 -1.03232300e+02 
 1.77827941e+05 -1.03232300e+02 
 1.99526231e+05 -1.03232300e+02 
 2.23872114e+05 -1.03232300e+02 
 2.51188643e+05 -1.03232300e+02 
 2.81838293e+05 -1.03232300e+02 
 3.16227766e+05 -1.03232300e+02 
 3.54813389e+05 -1.03232300e+02 
 3.98107171e+05 -1.03232300e+02 
 4.46683592e+05 -1.03232300e+02 
 5.01187234e+05 -1.03232300e+02 
 5.62341325e+05 -1.03232300e+02 
 6.30957344e+05 -1.03232300e+02 
 7.07945784e+05 -1.03232300e+02 
 7.94328235e+05 -1.03232300e+02 
 8.91250938e+05 -1.03232300e+02 
 1.00000000e+06 -1.03232300e+02 
 1.12201845e+06 -1.03232300e+02 
 1.25892541e+06 -1.03232300e+02 
 1.41253754e+06 -1.03232300e+02 
 1.58489319e+06 -1.03232300e+02 
 1.77827941e+06 -1.03232300e+02 
 1.99526231e+06 -1.03232300e+02 
 2.23872114e+06 -1.03232300e+02 
 2.51188643e+06 -1.03232300e+02 
 2.81838293e+06 -1.03232300e+02 
 3.16227766e+06 -1.03232300e+02 
 3.54813389e+06 -1.03232300e+02 
 3.98107171e+06 -1.03232300e+02 
 4.46683592e+06 -1.03232300e+02 
 5.01187234e+06 -1.03232300e+02 
 5.62341325e+06 -1.03232300e+02 
 6.30957344e+06 -1.03232300e+02 
 7.07945784e+06 -1.03232300e+02 
 7.94328235e+06 -1.03232300e+02 
 8.91250938e+06 -1.03232300e+02 
 1.00000000e+07 -1.03232300e+02 
 1.12201845e+07 -1.03232300e+02 
 1.25892541e+07 -1.03232300e+02 
 1.41253754e+07 -1.03232300e+02 
 1.58489319e+07 -1.03232300e+02 
 1.77827941e+07 -1.03232300e+02 
 1.99526231e+07 -1.03232300e+02 
 2.23872114e+07 -1.03232300e+02 
 2.51188643e+07 -1.03232300e+02 
 2.81838293e+07 -1.03232300e+02 
 3.16227766e+07 -1.03232300e+02 
 3.54813389e+07 -1.03232300e+02 
 3.98107171e+07 -1.03232300e+02 
 4.46683592e+07 -1.03232300e+02 
 5.01187234e+07 -1.03232300e+02 
 5.62341325e+07 -1.03232300e+02 
 6.30957344e+07 -1.03232300e+02 
 7.07945784e+07 -1.03232300e+02 
 7.94328235e+07 -1.03232300e+02 
 8.91250938e+07 -1.03232300e+02 
 1.00000000e+08 -1.03232300e+02 
 1.12201845e+08 -1.03232300e+02 
 1.25892541e+08 -1.03232300e+02 
 1.41253754e+08 -1.03232300e+02 
 1.58489319e+08 -1.03232300e+02 
 1.77827941e+08 -1.03232300e+02 
 1.99526231e+08 -1.03232300e+02 
 2.23872114e+08 -1.03232300e+02 
 2.51188643e+08 -1.03232300e+02 
 2.81838293e+08 -1.03232300e+02 
 3.16227766e+08 -1.03232300e+02 
 3.54813389e+08 -1.03232300e+02 
 3.98107171e+08 -1.03232300e+02 
 4.46683592e+08 -1.03232300e+02 
 5.01187234e+08 -1.03232300e+02 
 5.62341325e+08 -1.03232300e+02 
 6.30957344e+08 -1.03232300e+02 
 7.07945784e+08 -1.03232300e+02 
 7.94328235e+08 -1.03232300e+02 
 8.91250938e+08 -1.03232300e+02 
 1.00000000e+09 -1.03232300e+02 
 1.12201845e+09 -1.03232300e+02 
 1.25892541e+09 -1.03232300e+02 
 1.41253754e+09 -1.03232300e+02 
 1.58489319e+09 -1.03232300e+02 
 1.77827941e+09 -1.03232300e+02 
 1.99526231e+09 -1.03232300e+02 
 2.23872114e+09 -1.03232300e+02 
 2.51188643e+09 -1.03232300e+02 
 2.81838293e+09 -1.03232300e+02 
 3.16227766e+09 -1.03232300e+02 
 3.54813389e+09 -1.03232300e+02 
 3.98107171e+09 -1.03232300e+02 
 4.46683592e+09 -1.03232300e+02 
 5.01187234e+09 -1.03232300e+02 
 5.62341325e+09 -1.03232300e+02 
 6.30957344e+09 -1.03232300e+02 
 7.07945784e+09 -1.03232300e+02 
 7.94328235e+09 -1.03232300e+02 
 8.91250938e+09 -1.03232300e+02 
 1.00000000e+10 -1.03232300e+02 
 1.12201845e+10 -1.03232300e+02 
 1.25892541e+10 -1.03232300e+02 
 1.41253754e+10 -1.03232300e+02 
 1.58489319e+10 -1.03232300e+02 
 1.77827941e+10 -1.03232300e+02 
 1.99526231e+10 -1.03232300e+02 
 2.23872114e+10 -1.03232300e+02 
 2.51188643e+10 -1.03232300e+02 
 2.81838293e+10 -1.03232300e+02 
 3.16227766e+10 -1.03232300e+02 
 3.54813389e+10 -1.03232300e+02 
 3.98107171e+10 -1.03232300e+02 
 4.46683592e+10 -1.03232300e+02 
 5.01187234e+10 -1.03232300e+02 
 5.62341325e+10 -1.03232300e+02 
 6.30957344e+10 -1.03232300e+02 
 7.07945784e+10 -1.03232300e+02 
 7.94328235e+10 -1.03232300e+02 
 8.91250938e+10 -1.03232300e+02 
 1.00000000e+11 -1.03232300e+02 
 1.12201845e+11 -1.03232300e+02 
 1.25892541e+11 -1.03232300e+02 
 1.41253754e+11 -1.03232300e+02 
 1.58489319e+11 -1.03232300e+02 
 1.77827941e+11 -1.03232300e+02 
 1.99526231e+11 -1.03232300e+02 
 2.23872114e+11 -1.03232300e+02 
 2.51188643e+11 -1.03232300e+02 
 2.81838293e+11 -1.03232300e+02 
 3.16227766e+11 -1.03232300e+02 
 3.54813389e+11 -1.03232300e+02 
 3.98107171e+11 -1.03232300e+02 
 4.46683592e+11 -1.03232300e+02 
 5.01187234e+11 -1.03232300e+02 
 5.62341325e+11 -1.03232300e+02 
 6.30957344e+11 -1.03232300e+02 
 7.07945784e+11 -1.03232300e+02 
 7.94328235e+11 -1.03232300e+02 
 8.91250938e+11 -1.03232300e+02 
 1.00000000e+12 -1.03232300e+02 
