 1.00000000e+00 -1.03232277e+02  1.00000000e+00  2.54850953e-02 
 1.12201845e+00 -1.03232277e+02  1.12201845e+00  2.85947467e-02 
 1.25892541e+00 -1.03232277e+02  1.25892541e+00  3.20838328e-02 
 1.41253754e+00 -1.03232277e+02  1.41253754e+00  3.59986514e-02 
 1.58489319e+00 -1.03232276e+02  1.58489319e+00  4.03911497e-02 
 1.77827941e+00 -1.03232275e+02  1.77827941e+00  4.53196132e-02 
 1.99526231e+00 -1.03232275e+02  1.99526231e+00  5.08494394e-02 
 2.23872114e+00 -1.03232274e+02  2.23872114e+00  5.70540051e-02 
 2.51188643e+00 -1.03232273e+02  2.51188643e+00  6.40156407e-02 
 2.81838293e+00 -1.03232271e+02  2.81838293e+00  7.18267218e-02 
 3.16227766e+00 -1.03232269e+02  3.16227766e+00  8.05908954e-02 
 3.54813389e+00 -1.03232267e+02  3.54813389e+00  9.04244550e-02 
 3.98107171e+00 -1.03232264e+02  3.98107171e+00  1.01457883e-01 
 4.46683592e+00 -1.03232260e+02  4.46683592e+00  1.13837584e-01 
 5.01187234e+00 -1.03232255e+02  5.01187234e+00  1.27727823e-01 
 5.62341325e+00 -1.03232250e+02  5.62341325e+00  1.43312907e-01 
 6.30957344e+00 -1.03232242e+02  6.30957344e+00  1.60799632e-01 
 7.07945784e+00 -1.03232233e+02  7.07945784e+00  1.80420020e-01 
 7.94328235e+00 -1.03232221e+02  7.94328235e+00  2.02434403e-01 
 8.91250938e+00 -1.03232206e+02  8.91250938e+00  2.27134870e-01 
 1.00000000e+01 -1.03232187e+02  1.00000000e+01  2.54849138e-01 
 1.12201845e+01 -1.03232164e+02  1.12201845e+01  2.85944903e-01 
 1.25892541e+01 -1.03232134e+02  1.25892541e+01  3.20834706e-01 
 1.41253754e+01 -1.03232097e+02  1.41253754e+01  3.59981399e-01 
 1.58489319e+01 -1.03232050e+02  1.58489319e+01  4.03904271e-01 
 1.77827941e+01 -1.03231991e+02  1.77827941e+01  4.53185926e-01 
 1.99526231e+01 -1.03231916e+02  1.99526231e+01  5.08479977e-01 
 2.23872114e+01 -1.03231822e+02  2.23872114e+01  5.70519688e-01 
 2.51188643e+01 -1.03231704e+02  2.51188643e+01  6.40127643e-01 
 2.81838293e+01 -1.03231556e+02  2.81838293e+01  7.18226589e-01 
 3.16227766e+01 -1.03231369e+02  3.16227766e+01  8.05851566e-01 
 3.54813389e+01 -1.03231133e+02  3.54813389e+01  9.04163491e-01 
 3.98107171e+01 -1.03230837e+02  3.98107171e+01  1.01446434e+00 
 4.46683592e+01 -1.03230464e+02  4.46683592e+01  1.13821412e+00 
 5.01187234e+01 -1.03229994e+02  5.01187234e+01  1.27704981e+00 
 5.62341325e+01 -1.03229403e+02  5.62341325e+01  1.43280644e+00 
 6.30957344e+01 -1.03228658e+02  6.30957344e+01  1.60754064e+00 
 7.07945784e+01 -1.03227721e+02  7.07945784e+01  1.80355663e+00 
 7.94328235e+01 -1.03226542e+02  7.94328235e+01  2.02343512e+00 
 8.91250938e+01 -1.03225058e+02  8.91250938e+01  2.27006508e+00 
 1.00000000e+02 -1.03223191e+02  1.00000000e+02  2.54667870e+00 
 1.12201845e+02 -1.03220841e+02  1.12201845e+02  2.85688939e+00 
 1.25892541e+02 -1.03217885e+02  1.25892541e+02  3.20473297e+00 
 1.41253754e+02 -1.03214165e+02  1.41253754e+02  3.59471159e+00 
 1.58489319e+02 -1.03209488e+02  1.58489319e+02  4.03184010e+00 
 1.77827941e+02 -1.03203606e+02  1.77827941e+02  4.52169366e+00 
 1.99526231e+02 -1.03196213e+02  1.99526231e+02  5.07045532e+00 
 2.23872114e+02 -1.03186924e+02  2.23872114e+02  5.68496112e+00 
 2.51188643e+02 -1.03175257e+02  2.51188643e+02  6.37273929e+00 
 2.81838293e+02 -1.03160615e+02  2.81838293e+02  7.14203868e+00 
 3.16227766e+02 -1.03142250e+02  3.16227766e+02  8.00183925e+00 
 3.54813389e+02 -1.03119242e+02  3.54813389e+02  8.96183527e+00 
 3.98107171e+02 -1.03090448e+02  3.98107171e+02  1.00323782e+01 
 4.46683592e+02 -1.03054468e+02  4.46683592e+02  1.12243624e+01 
 5.01187234e+02 -1.03009593e+02  5.01187234e+02  1.25490335e+01 
 5.62341325e+02 -1.02953751e+02  5.62341325e+02  1.40176927e+01 
 6.30957344e+02 -1.02884458e+02  6.30957344e+02  1.56412712e+01 
 7.07945784e+02 -1.02798770e+02  7.07945784e+02  1.74297457e+01 
 7.94328235e+02 -1.02693249e+02  7.94328235e+02  1.93913743e+01 
 8.91250938e+02 -1.02563957e+02  8.91250938e+02  2.15317473e+01 
 1.00000000e+03 -1.02406489e+02  1.00000000e+03  2.38526746e+01 
 1.12201845e+03 -1.02216053e+02  1.12201845e+03  2.63509787e+01 
 1.25892541e+03 -1.01987628e+02  1.25892541e+03  2.90173132e+01 
 1.41253754e+03 -1.01716191e+02  1.41253754e+03  3.18351922e+01 
 1.58489319e+03 -1.01397010e+02  1.58489319e+03  3.47804526e+01 
 1.77827941e+03 -1.01025991e+02  1.77827941e+03  3.78213736e+01 
 1.99526231e+03 -1.00600014e+02  1.99526231e+03  4.09196101e+01 
 2.23872114e+03 -1.00117236e+02  2.23872114e+03  4.40319545e+01 
 2.51188643e+03 -9.95772725e+01  2.51188643e+03  4.71127626e+01 
 2.81838293e+03 -9.89812461e+01  2.81838293e+03  5.01167089e+01 
 3.16227766e+03 -9.83316824e+01  3.16227766e+03  5.30014446e+01 
 3.54813389e+03 -9.76322742e+01  3.54813389e+03  5.57297608e+01 
 3.98107171e+03 -9.68875651e+01  3.98107171e+03  5.82709876e+01 
 4.46683592e+03 -9.61026077e+01  4.46683592e+03  6.06015450e+01 
 5.01187234e+03 -9.52826458e+01  5.01187234e+03  6.27047300e+01 
 5.62341325e+03 -9.44328552e+01  5.62341325e+03  6.45699350e+01 
 6.30957344e+03 -9.35581604e+01  6.30957344e+03  6.61915292e+01 
 7.07945784e+03 -9.26631256e+01  7.07945784e+03  6.75676160e+01 
 7.94328235e+03 -9.17519115e+01  7.94328235e+03  6.86988265e+01 
 8.91250938e+03 -9.08282839e+01  8.91250938e+03  6.95872506e+01 
 1.00000000e+04 -8.98956586e+01  1.00000000e+04  7.02355593e+01 
 1.12201845e+04 -8.89571716e+01  1.12201845e+04  7.06463335e+01 
 1.25892541e+04 -8.80157645e+01  1.25892541e+04  7.08215988e+01 
 1.41253754e+04 -8.70742775e+01  1.41253754e+04  7.07625549e+01 
 1.58489319e+04 -8.61355468e+01  1.58489319e+04  7.04694915e+01 
 1.77827941e+04 -8.52025018e+01  1.77827941e+04  6.99418861e+01 
 1.99526231e+04 -8.42782578e+01  1.99526231e+04  6.91786882e+01 
 2.23872114e+04 -8.33662005e+01  2.23872114e+04  6.81787965e+01 
 2.51188643e+04 -8.24700550e+01  2.51188643e+04  6.69417414e+01 
 2.81838293e+04 -8.15939297e+01  2.81838293e+04  6.54685713e+01 
 3.16227766e+04 -8.07423229e+01  3.16227766e+04  6.37629269e+01 
 3.54813389e+04 -7.99200783e+01  3.54813389e+04  6.18322497e+01 
 3.98107171e+04 -7.91322746e+01  3.98107171e+04  5.96890197e+01 
 4.46683592e+04 -7.83840405e+01  4.46683592e+04  5.73518637e+01 
 5.01187234e+04 -7.76802962e+01  5.01187234e+04  5.48463167e+01 
 5.62341325e+04 -7.70254367e+01  5.62341325e+04  5.22050075e+01 
 6.30957344e+04 -7.64229944e+01  6.30957344e+04  4.94670707e+01 
 7.07945784e+04 -7.58753306e+01  7.07945784e+04  4.66767066e+01 
 7.94328235e+04 -7.53834151e+01  7.94328235e+04  4.38809801e+01 
 8.91250938e+04 -7.49467420e+01  8.91250938e+04  4.11271420e+01 
 1.00000000e+05 -7.45634045e+01  1.00000000e+05  3.84598940e+01 
 1.12201845e+05 -7.42303209e+01  1.12201845e+05  3.59190548e+01 
 1.25892541e+05 -7.39435688e+01  1.25892541e+05  3.35379940e+01 
 1.41253754e+05 -7.36987704e+01  1.41253754e+05  3.13430328e+01 
 1.58489319e+05 -7.34914637e+01  1.58489319e+05  2.93538072e+01 
 1.77827941e+05 -7.33174109e+01  1.77827941e+05  2.75844255e+01 
 1.99526231e+05 -7.31728099e+01  1.99526231e+05  2.60451533e+01 
 2.23872114e+05 -7.30544015e+01  2.23872114e+05  2.47443384e+01 
 2.51188643e+05 -7.29594800e+01  2.51188643e+05  2.36903394e+01 
 2.81838293e+05 -7.28858265e+01  2.81838293e+05  2.28933199e+01 
 3.16227766e+05 -7.28315843e+01  3.16227766e+05  2.23668836e+01 
 3.54813389e+05 -7.27950828e+01  3.54813389e+05  2.21296175e+01 
 3.98107171e+05 -7.27745982e+01  3.98107171e+05  2.22066402e+01 
 4.46683592e+05 -7.27680139e+01  4.46683592e+05  2.26312020e+01 
 5.01187234e+05 -7.27723173e+01  5.01187234e+05  2.34462150e+01 
 5.62341325e+05 -7.27828510e+01  5.62341325e+05  2.47052708e+01 
 6.30957344e+05 -7.27922375e+01  6.30957344e+05  2.64721621e+01 
 7.07945784e+05 -7.27889507e+01  7.07945784e+05  2.88171114e+01 
 7.94328235e+05 -7.27556873e+01  7.94328235e+05  3.18069624e+01 
 8.91250938e+05 -7.26680799e+01  8.91250938e+05  3.54862155e+01 
 1.00000000e+06 -7.24948968e+01  1.00000000e+06  3.98477913e+01 
 1.12201845e+06 -7.22013278e+01  1.12201845e+06  4.47992650e+01 
 1.25892541e+06 -7.17562921e+01  1.25892541e+06  5.01416055e+01 
 1.41253754e+06 -7.11420726e+01  1.41253754e+06  5.55835453e+01 
 1.58489319e+06 -7.03613540e+01  1.58489319e+06  6.08001144e+01 
 1.77827941e+06 -6.94368817e+01  1.77827941e+06  6.55112078e+01 
 1.99526231e+06 -6.84038445e+01  1.99526231e+06  6.95380531e+01 
 2.23872114e+06 -6.72999008e+01  2.23872114e+06  7.28143591e+01 
 2.51188643e+06 -6.61577721e+01  2.51188643e+06  7.53616997e+01 
 2.81838293e+06 -6.50020391e+01  2.81838293e+06  7.72528637e+01 
 3.16227766e+06 -6.38491335e+01  3.16227766e+06  7.85804339e+01 
 3.54813389e+06 -6.27088732e+01  3.54813389e+06  7.94363914e+01 
 3.98107171e+06 -6.15863514e+01  3.98107171e+06  7.99015759e+01 
 4.46683592e+06 -6.04836038e+01  4.46683592e+06  8.00417656e+01 
 5.01187234e+06 -5.94008816e+01  5.01187234e+06  7.99074699e+01 
 5.62341325e+06 -5.83375447e+01  5.62341325e+06  7.95354773e+01 
 6.30957344e+06 -5.72926570e+01  6.30957344e+06  7.89510251e+01 
 7.07945784e+06 -5.62653668e+01  7.07945784e+06  7.81700143e+01 
 7.94328235e+06 -5.52551453e+01  7.94328235e+06  7.72010263e+01 
 8.91250938e+06 -5.42619349e+01  8.91250938e+06  7.60470785e+01 
 1.00000000e+07 -5.32862425e+01  1.00000000e+07  7.47071454e+01 
 1.12201845e+07 -5.23291996e+01  1.12201845e+07  7.31775159e+01 
 1.25892541e+07 -5.13926009e+01  1.25892541e+07  7.14530648e+01 
 1.41253754e+07 -5.04789231e+01  1.41253754e+07  6.95285144e+01 
 1.58489319e+07 -4.95913188e+01  1.58489319e+07  6.73997412e+01 
 1.77827941e+07 -4.87335769e+01  1.77827941e+07  6.50651506e+01 
 1.99526231e+07 -4.79100341e+01  1.99526231e+07  6.25270962e+01 
 2.23872114e+07 -4.71254251e+01  2.23872114e+07  5.97932592e+01 
 2.51188643e+07 -4.63846616e+01  2.51188643e+07  5.68778409e+01 
 2.81838293e+07 -4.56925420e+01  2.81838293e+07  5.38023636e+01 
 3.16227766e+07 -4.50534080e+01  3.16227766e+07  5.05958631e+01 
 3.54813389e+07 -4.44707849e+01  3.54813389e+07  4.72942947e+01 
 3.98107171e+07 -4.39470544e+01  3.98107171e+07  4.39390941e+01 
 4.46683592e+07 -4.34832149e+01  4.46683592e+07  4.05750021e+01 
 5.01187234e+07 -4.30787700e+01  5.01187234e+07  3.72474341e+01 
 5.62341325e+07 -4.27317638e+01  5.62341325e+07  3.39997844e+01 
 6.30957344e+07 -4.24389484e+01  6.30957344e+07  3.08710540e+01 
 7.07945784e+07 -4.21960460e+01  7.07945784e+07  2.78940855e+01 
 7.94328235e+07 -4.19980570e+01  7.94328235e+07  2.50945185e+01 
 8.91250938e+07 -4.18395705e+01  8.91250938e+07  2.24904252e+01 
 1.00000000e+08 -4.17150471e+01  1.00000000e+08  2.00924900e+01 
 1.12201845e+08 -4.16190601e+01  1.12201845e+08  1.79045797e+01 
 1.25892541e+08 -4.15464920e+01  1.25892541e+08  1.59245801e+01 
 1.41253754e+08 -4.14926843e+01  1.41253754e+08  1.41454136e+01 
 1.58489319e+08 -4.14535413e+01  1.58489319e+08  1.25561730e+01 
 1.77827941e+08 -4.14255839e+01  1.77827941e+08  1.11432959e+01 
 1.99526231e+08 -4.14059571e+01  1.99526231e+08  9.89169368e+00 
 2.23872114e+08 -4.13923949e+01  2.23872114e+08  8.78574787e+00 
 2.51188643e+08 -4.13831553e+01  2.51188643e+08  7.81010626e+00 
 2.81838293e+08 -4.13769381e+01  2.81838293e+08  6.95025110e+00 
 3.16227766e+08 -4.13727979e+01  3.16227766e+08  6.19284766e+00 
 3.54813389e+08 -4.13700637e+01  3.54813389e+08  5.52590930e+00 
 3.98107171e+08 -4.13682686e+01  3.98107171e+08  4.93882728e+00 
 4.46683592e+08 -4.13670929e+01  4.46683592e+08  4.42231268e+00 
 5.01187234e+08 -4.13663212e+01  5.01187234e+08  3.96828973e+00 
 5.62341325e+08 -4.13658091e+01  5.62341325e+08  3.56976892e+00 
 6.30957344e+08 -4.13654612e+01  6.30957344e+08  3.22071826e+00 
 7.07945784e+08 -4.13652139e+01  7.07945784e+08  2.91594292e+00 
 7.94328235e+08 -4.13650245e+01  7.94328235e+08  2.65097832e+00 
 8.91250938e+08 -4.13648642e+01  8.91250938e+08  2.42199799e+00 
 1.00000000e+09 -4.13647120e+01  1.00000000e+09  2.22573586e+00 
 1.12201845e+09 -4.13645519e+01  1.12201845e+09  2.05942158e+00 
 1.25892541e+09 -4.13643706e+01  1.25892541e+09  1.92072732e+00 
 1.41253754e+09 -4.13641550e+01  1.41253754e+09  1.80772429e+00 
 1.58489319e+09 -4.13638917e+01  1.58489319e+09  1.71884770e+00 
 1.77827941e+09 -4.13635655e+01  1.77827941e+09  1.65286879e+00 
 1.99526231e+09 -4.13631582e+01  1.99526231e+09  1.60887294e+00 
 2.23872114e+09 -4.13626477e+01  2.23872114e+09  1.58624308e+00 
 2.51188643e+09 -4.13620066e+01  2.51188643e+09  1.58464755e+00 
 2.81838293e+09 -4.13612008e+01  2.81838293e+09  1.60403209e+00 
 3.16227766e+09 -4.13601876e+01  3.16227766e+09  1.64461514e+00 
 3.54813389e+09 -4.13589137e+01  3.54813389e+09  1.70688620e+00 
 3.98107171e+09 -4.13573122e+01  3.98107171e+09  1.79160651e+00 
 4.46683592e+09 -4.13552991e+01  4.46683592e+09  1.89981151e+00 
 5.01187234e+09 -4.13527698e+01  5.01187234e+09  2.03281424e+00 
 5.62341325e+09 -4.13495933e+01  5.62341325e+09  2.19220855e+00 
 6.30957344e+09 -4.13456065e+01  6.30957344e+09  2.37987069e+00 
 7.07945784e+09 -4.13406065e+01  7.07945784e+09  2.59795728e+00 
 7.94328235e+09 -4.13343419e+01  7.94328235e+09  2.84889693e+00 
 8.91250938e+09 -4.13265023e+01  8.91250938e+09  3.13537204e+00 
 1.00000000e+10 -4.13167066e+01  1.00000000e+10  3.46028613e+00 
 1.12201845e+10 -4.13044894e+01  1.12201845e+10  3.82671103e+00 
 1.25892541e+10 -4.12892873e+01  1.25892541e+10  4.23780724e+00 
 1.41253754e+10 -4.12704251e+01  1.41253754e+10  4.69671000e+00 
 1.58489319e+10 -4.12471030e+01  1.58489319e+10  5.20637419e+00 
 1.77827941e+10 -4.12183892e+01  1.77827941e+10  5.76937310e+00 
 1.99526231e+10 -4.11832183e+01  1.99526231e+10  6.38765173e+00 
 2.23872114e+10 -4.11404019e+01  2.23872114e+10  7.06224438e+00 
 2.51188643e+10 -4.10886541e+01  2.51188643e+10  7.79298110e+00 
 2.81838293e+10 -4.10266355e+01  2.81838293e+10  8.57822594e+00 
 3.16227766e+10 -4.09530151e+01  3.16227766e+10  9.41470903e+00 
 3.54813389e+10 -4.08665462e+01  3.54813389e+10  1.02975252e+01 
 3.98107171e+10 -4.07661423e+01  3.98107171e+10  1.12203614e+01 
 4.46683592e+10 -4.06509342e+01  4.46683592e+10  1.21759730e+01 
 5.01187234e+10 -4.05202849e+01  5.01187234e+10  1.31568468e+01 
 5.62341325e+10 -4.03737428e+01  5.62341325e+10  1.41558883e+01 
 6.30957344e+10 -4.02109303e+01  6.30957344e+10  1.51668838e+01 
 7.07945784e+10 -4.00313876e+01  7.07945784e+10  1.61844723e+01 
 7.94328235e+10 -3.98344168e+01  7.94328235e+10  1.72034478e+01 
 8.91250938e+10 -3.96189867e+01  8.91250938e+10  1.82174011e+01 
 1.00000000e+11 -3.93837532e+01  1.00000000e+11  1.92169334e+01 
 1.12201845e+11 -3.91272300e+01  1.12201845e+11  2.01878707e+01 
 1.25892541e+11 -3.88481048e+01  1.25892541e+11  2.11099926e+01 
 1.41253754e+11 -3.85456604e+01  1.41253754e+11  2.19567508e+01 
 1.58489319e+11 -3.82202237e+01  1.58489319e+11  2.26962860e+01 
 1.77827941e+11 -3.78735489e+01  1.77827941e+11  2.32937952e+01 
 1.99526231e+11 -3.75090430e+01  1.99526231e+11  2.37149993e+01 
 2.23872114e+11 -3.71317633e+01  2.23872114e+11  2.39301877e+01 
 2.51188643e+11 -3.67481619e+01  2.51188643e+11  2.39181351e+01 
 2.81838293e+11 -3.63656021e+01  2.81838293e+11  2.36691631e+01 
 3.16227766e+11 -3.59917217e+01  3.16227766e+11  2.31867682e+01 
 3.54813389e+11 -3.56337495e+01  3.54813389e+11  2.24875233e+01 
 3.98107171e+11 -3.52978885e+01  3.98107171e+11  2.15993091e+01 
 4.46683592e+11 -3.49888605e+01  4.46683592e+11  2.05582555e+01 
 5.01187234e+11 -3.47096685e+01  5.01187234e+11  1.94049900e+01 
 5.62341325e+11 -3.44615842e+01  5.62341325e+11  1.81808525e+01 
 6.30957344e+11 -3.42443261e+01  6.30957344e+11  1.69246374e+01 
 7.07945784e+11 -3.40563640e+01  7.07945784e+11  1.56702203e+01 
 7.94328235e+11 -3.38952803e+01  7.94328235e+11  1.44451849e+01 
 8.91250938e+11 -3.37581264e+01  8.91250938e+11  1.32703648e+01 
 1.00000000e+12 -3.36417330e+01  1.00000000e+12  1.21600932e+01 
