 0.00000000e+00  1.20943472e+00 
 1.00000000e-11  1.20943330e+00 
 2.00000000e-11  1.20943197e+00 
 4.00000000e-11  1.20942935e+00 
 8.00000000e-11  1.20942416e+00 
 1.60000000e-10  1.20941374e+00 
 3.20000000e-10  1.20939292e+00 
 6.40000000e-10  1.20935126e+00 
 1.28000000e-09  1.20926791e+00 
 2.28000000e-09  1.20913758e+00 
 3.28000000e-09  1.20900715e+00 
 4.28000000e-09  1.20887659e+00 
 5.28000000e-09  1.20874593e+00 
 6.28000000e-09  1.20861515e+00 
 7.28000000e-09  1.20848427e+00 
 8.28000000e-09  1.20835326e+00 
 9.28000000e-09  1.20822215e+00 
 1.00000000e-08  1.20812767e+00 
 1.01000000e-08  1.20815434e+00 
 1.03000000e-08  1.20820691e+00 
 1.07000000e-08  1.20831073e+00 
 1.10000000e-08  1.20838748e+00 
 1.10800000e-08  1.20837599e+00 
 1.12400000e-08  1.20835354e+00 
 1.15600000e-08  1.20830868e+00 
 1.22000000e-08  1.20821888e+00 
 1.32000000e-08  1.20807851e+00 
 1.42000000e-08  1.20793801e+00 
 1.52000000e-08  1.20779744e+00 
 1.62000000e-08  1.20765674e+00 
 1.72000000e-08  1.20751596e+00 
 1.82000000e-08  1.20737505e+00 
 1.92000000e-08  1.20723407e+00 
 2.02000000e-08  1.20709296e+00 
 2.12000000e-08  1.20695178e+00 
 2.22000000e-08  1.20681046e+00 
 2.32000000e-08  1.20666907e+00 
 2.42000000e-08  1.20652756e+00 
 2.52000000e-08  1.20638596e+00 
 2.62000000e-08  1.20624424e+00 
 2.72000000e-08  1.20610244e+00 
 2.82000000e-08  1.20596052e+00 
 2.92000000e-08  1.20581851e+00 
 3.02000000e-08  1.20567638e+00 
 3.12000000e-08  1.20553417e+00 
 3.22000000e-08  1.20539184e+00 
 3.32000000e-08  1.20524943e+00 
 3.42000000e-08  1.20510689e+00 
 3.52000000e-08  1.20496428e+00 
 3.62000000e-08  1.20482154e+00 
 3.72000000e-08  1.20467872e+00 
 3.82000000e-08  1.20453577e+00 
 3.92000000e-08  1.20439275e+00 
 4.02000000e-08  1.20424960e+00 
 4.12000000e-08  1.20410637e+00 
 4.22000000e-08  1.20396302e+00 
 4.32000000e-08  1.20381959e+00 
 4.42000000e-08  1.20367603e+00 
 4.52000000e-08  1.20353240e+00 
 4.62000000e-08  1.20338864e+00 
 4.72000000e-08  1.20324480e+00 
 4.82000000e-08  1.20310084e+00 
 4.92000000e-08  1.20295679e+00 
 5.02000000e-08  1.20281263e+00 
 5.12000000e-08  1.20266838e+00 
 5.22000000e-08  1.20252401e+00 
 5.32000000e-08  1.20237955e+00 
 5.42000000e-08  1.20223498e+00 
 5.52000000e-08  1.20209033e+00 
 5.62000000e-08  1.20194555e+00 
 5.72000000e-08  1.20180069e+00 
 5.82000000e-08  1.20165571e+00 
 5.92000000e-08  1.20151065e+00 
 6.02000000e-08  1.20136547e+00 
 6.12000000e-08  1.20122020e+00 
 6.22000000e-08  1.20107481e+00 
 6.32000000e-08  1.20092934e+00 
 6.42000000e-08  1.20078375e+00 
 6.52000000e-08  1.20063808e+00 
 6.62000000e-08  1.20049229e+00 
 6.72000000e-08  1.20034641e+00 
 6.82000000e-08  1.20020041e+00 
 6.92000000e-08  1.20005433e+00 
 7.02000000e-08  1.19990813e+00 
 7.12000000e-08  1.19976185e+00 
 7.22000000e-08  1.19961545e+00 
 7.32000000e-08  1.19946896e+00 
 7.42000000e-08  1.19932235e+00 
 7.52000000e-08  1.19917566e+00 
 7.62000000e-08  1.19902885e+00 
 7.72000000e-08  1.19888196e+00 
 7.82000000e-08  1.19873495e+00 
 7.92000000e-08  1.19858785e+00 
 8.02000000e-08  1.19844064e+00 
 8.12000000e-08  1.19829334e+00 
 8.22000000e-08  1.19814592e+00 
 8.32000000e-08  1.19799842e+00 
 8.42000000e-08  1.19785080e+00 
 8.52000000e-08  1.19770309e+00 
 8.62000000e-08  1.19755527e+00 
 8.72000000e-08  1.19740736e+00 
 8.82000000e-08  1.19725933e+00 
 8.92000000e-08  1.19711122e+00 
 9.02000000e-08  1.19696299e+00 
 9.12000000e-08  1.19681468e+00 
 9.22000000e-08  1.19666625e+00 
 9.32000000e-08  1.19651773e+00 
 9.42000000e-08  1.19636910e+00 
 9.52000000e-08  1.19622038e+00 
 9.62000000e-08  1.19607154e+00 
 9.72000000e-08  1.19592262e+00 
 9.82000000e-08  1.19577358e+00 
 9.92000000e-08  1.19562445e+00 
 1.00200000e-07  1.19547521e+00 
 1.01200000e-07  1.19532588e+00 
 1.02200000e-07  1.19517644e+00 
 1.03200000e-07  1.19502691e+00 
 1.04200000e-07  1.19487727e+00 
 1.05200000e-07  1.19472753e+00 
 1.06200000e-07  1.19457769e+00 
 1.07200000e-07  1.19442775e+00 
 1.08200000e-07  1.19427770e+00 
 1.09200000e-07  1.19412756e+00 
 1.10200000e-07  1.19397731e+00 
 1.11000000e-07  1.19385705e+00 
 1.11100000e-07  1.19380232e+00 
 1.11300000e-07  1.19369352e+00 
 1.11700000e-07  1.19347680e+00 
 1.12000000e-07  1.19331503e+00 
 1.12080000e-07  1.19330400e+00 
 1.12240000e-07  1.19328143e+00 
 1.12560000e-07  1.19323622e+00 
 1.13200000e-07  1.19314581e+00 
 1.14200000e-07  1.19300443e+00 
 1.15200000e-07  1.19286296e+00 
 1.16200000e-07  1.19272135e+00 
 1.17200000e-07  1.19257965e+00 
 1.18200000e-07  1.19243782e+00 
 1.19200000e-07  1.19229590e+00 
 1.20200000e-07  1.19215384e+00 
 1.21200000e-07  1.19201170e+00 
 1.22200000e-07  1.19186941e+00 
 1.23200000e-07  1.19172704e+00 
 1.24200000e-07  1.19158453e+00 
 1.25200000e-07  1.19144194e+00 
 1.26200000e-07  1.19129920e+00 
 1.27200000e-07  1.19115638e+00 
 1.28200000e-07  1.19101343e+00 
 1.29200000e-07  1.19087038e+00 
 1.30200000e-07  1.19072720e+00 
 1.31200000e-07  1.19058392e+00 
 1.32200000e-07  1.19044052e+00 
 1.33200000e-07  1.19029702e+00 
 1.34200000e-07  1.19015339e+00 
 1.35200000e-07  1.19000967e+00 
 1.36200000e-07  1.18986581e+00 
 1.37200000e-07  1.18972186e+00 
 1.38200000e-07  1.18957778e+00 
 1.39200000e-07  1.18943361e+00 
 1.40200000e-07  1.18928931e+00 
 1.41200000e-07  1.18914491e+00 
 1.42200000e-07  1.18900038e+00 
 1.43200000e-07  1.18885576e+00 
 1.44200000e-07  1.18871100e+00 
 1.45200000e-07  1.18856616e+00 
 1.46200000e-07  1.18842118e+00 
 1.47200000e-07  1.18827611e+00 
 1.48200000e-07  1.18813090e+00 
 1.49200000e-07  1.18798561e+00 
 1.50200000e-07  1.18784018e+00 
 1.51200000e-07  1.18769466e+00 
 1.52200000e-07  1.18754901e+00 
 1.53200000e-07  1.18740326e+00 
 1.54200000e-07  1.18725739e+00 
 1.55200000e-07  1.18711141e+00 
 1.56200000e-07  1.18696532e+00 
 1.57200000e-07  1.18681912e+00 
 1.58200000e-07  1.18667280e+00 
 1.59200000e-07  1.18652637e+00 
 1.60200000e-07  1.18637983e+00 
 1.61200000e-07  1.18623318e+00 
 1.62200000e-07  1.18608641e+00 
 1.63200000e-07  1.18593954e+00 
 1.64200000e-07  1.18579254e+00 
 1.65200000e-07  1.18564545e+00 
 1.66200000e-07  1.18549823e+00 
 1.67200000e-07  1.18535091e+00 
 1.68200000e-07  1.18520346e+00 
 1.69200000e-07  1.18505592e+00 
 1.70200000e-07  1.18490825e+00 
 1.71200000e-07  1.18476049e+00 
 1.72200000e-07  1.18461259e+00 
 1.73200000e-07  1.18446460e+00 
 1.74200000e-07  1.18431648e+00 
 1.75200000e-07  1.18416827e+00 
 1.76200000e-07  1.18401993e+00 
 1.77200000e-07  1.18387149e+00 
 1.78200000e-07  1.18372292e+00 
 1.79200000e-07  1.18357426e+00 
 1.80200000e-07  1.18342547e+00 
 1.81200000e-07  1.18327658e+00 
 1.82200000e-07  1.18312757e+00 
 1.83200000e-07  1.18297846e+00 
 1.84200000e-07  1.18282922e+00 
 1.85200000e-07  1.18267988e+00 
 1.86200000e-07  1.18253042e+00 
 1.87200000e-07  1.18238086e+00 
 1.88200000e-07  1.18223118e+00 
 1.89200000e-07  1.18208140e+00 
 1.90200000e-07  1.18193149e+00 
 1.91200000e-07  1.18178148e+00 
 1.92200000e-07  1.18163135e+00 
 1.93200000e-07  1.18148112e+00 
 1.94200000e-07  1.18133076e+00 
 1.95200000e-07  1.18118031e+00 
 1.96200000e-07  1.18102973e+00 
 1.97200000e-07  1.18087905e+00 
 1.98200000e-07  1.18072825e+00 
 1.99200000e-07  1.18057734e+00 
 2.00200000e-07  1.18042632e+00 
 2.01200000e-07  1.18027519e+00 
 2.02200000e-07  1.18012394e+00 
 2.03200000e-07  1.17997259e+00 
 2.04200000e-07  1.17982112e+00 
 2.05200000e-07  1.17966955e+00 
 2.06200000e-07  1.17951785e+00 
 2.07200000e-07  1.17936606e+00 
 2.08200000e-07  1.17921414e+00 
 2.09200000e-07  1.17906212e+00 
 2.10000000e-07  1.17894041e+00 
 2.10100000e-07  1.17896513e+00 
 2.10300000e-07  1.17901379e+00 
 2.10700000e-07  1.17910966e+00 
 2.11000000e-07  1.17918033e+00 
 2.11080000e-07  1.17916709e+00 
 2.11240000e-07  1.17914115e+00 
 2.11560000e-07  1.17908928e+00 
 2.12200000e-07  1.17898548e+00 
 2.13200000e-07  1.17882325e+00 
 2.14200000e-07  1.17866089e+00 
 2.15200000e-07  1.17849846e+00 
 2.16200000e-07  1.17833590e+00 
 2.17200000e-07  1.17817327e+00 
 2.18200000e-07  1.17801052e+00 
 2.19200000e-07  1.17784769e+00 
 2.20200000e-07  1.17768474e+00 
 2.21200000e-07  1.17752171e+00 
 2.22200000e-07  1.17735856e+00 
 2.23200000e-07  1.17719534e+00 
 2.24200000e-07  1.17703199e+00 
 2.25200000e-07  1.17686857e+00 
 2.26200000e-07  1.17670503e+00 
 2.27200000e-07  1.17654141e+00 
 2.28200000e-07  1.17637767e+00 
 2.29200000e-07  1.17621385e+00 
 2.30200000e-07  1.17604991e+00 
 2.31200000e-07  1.17588590e+00 
 2.32200000e-07  1.17572176e+00 
 2.33200000e-07  1.17555755e+00 
 2.34200000e-07  1.17539322e+00 
 2.35200000e-07  1.17522881e+00 
 2.36200000e-07  1.17506429e+00 
 2.37200000e-07  1.17489968e+00 
 2.38200000e-07  1.17473496e+00 
 2.39200000e-07  1.17457016e+00 
 2.40200000e-07  1.17440524e+00 
 2.41200000e-07  1.17424024e+00 
 2.42200000e-07  1.17407512e+00 
 2.43200000e-07  1.17390993e+00 
 2.44200000e-07  1.17374462e+00 
 2.45200000e-07  1.17357922e+00 
 2.46200000e-07  1.17341372e+00 
 2.47200000e-07  1.17324813e+00 
 2.48200000e-07  1.17308243e+00 
 2.49200000e-07  1.17291664e+00 
 2.50200000e-07  1.17275074e+00 
 2.51200000e-07  1.17258476e+00 
 2.52200000e-07  1.17241867e+00 
 2.53200000e-07  1.17225249e+00 
 2.54200000e-07  1.17208620e+00 
 2.55200000e-07  1.17191983e+00 
 2.56200000e-07  1.17175334e+00 
 2.57200000e-07  1.17158678e+00 
 2.58200000e-07  1.17142009e+00 
 2.59200000e-07  1.17125333e+00 
 2.60200000e-07  1.17108645e+00 
 2.61200000e-07  1.17091950e+00 
 2.62200000e-07  1.17075243e+00 
 2.63200000e-07  1.17058527e+00 
 2.64200000e-07  1.17041801e+00 
 2.65200000e-07  1.17025066e+00 
 2.66200000e-07  1.17008320e+00 
 2.67200000e-07  1.16991565e+00 
 2.68200000e-07  1.16974800e+00 
 2.69200000e-07  1.16958026e+00 
 2.70200000e-07  1.16941241e+00 
 2.71200000e-07  1.16924448e+00 
 2.72200000e-07  1.16907643e+00 
 2.73200000e-07  1.16890830e+00 
 2.74200000e-07  1.16874006e+00 
 2.75200000e-07  1.16857174e+00 
 2.76200000e-07  1.16840331e+00 
 2.77200000e-07  1.16823479e+00 
 2.78200000e-07  1.16806617e+00 
 2.79200000e-07  1.16789746e+00 
 2.80200000e-07  1.16772864e+00 
 2.81200000e-07  1.16755973e+00 
 2.82200000e-07  1.16739072e+00 
 2.83200000e-07  1.16722162e+00 
 2.84200000e-07  1.16705241e+00 
 2.85200000e-07  1.16688312e+00 
 2.86200000e-07  1.16671372e+00 
 2.87200000e-07  1.16654423e+00 
 2.88200000e-07  1.16637464e+00 
 2.89200000e-07  1.16620496e+00 
 2.90200000e-07  1.16603517e+00 
 2.91200000e-07  1.16586530e+00 
 2.92200000e-07  1.16569532e+00 
 2.93200000e-07  1.16552525e+00 
 2.94200000e-07  1.16535508e+00 
 2.95200000e-07  1.16518482e+00 
 2.96200000e-07  1.16501445e+00 
 2.97200000e-07  1.16484400e+00 
 2.98200000e-07  1.16467344e+00 
 2.99200000e-07  1.16450280e+00 
 3.00000000e-07  1.16436620e+00 
