 0.00000000e+00  2.13557667e-01 
 1.00000000e-11  2.13557667e-01 
 2.00000000e-11  2.13557667e-01 
 4.00000000e-11  2.13557667e-01 
 8.00000000e-11  2.13557667e-01 
 1.60000000e-10  2.13557667e-01 
 3.20000000e-10  2.13557667e-01 
 6.40000000e-10  2.13557667e-01 
 1.28000000e-09  2.13557667e-01 
 2.28000000e-09  2.13557667e-01 
 3.28000000e-09  2.13557667e-01 
 4.28000000e-09  2.13557667e-01 
 5.28000000e-09  2.13557667e-01 
 6.28000000e-09  2.13557667e-01 
 7.28000000e-09  2.13557667e-01 
 8.28000000e-09  2.13557667e-01 
 9.28000000e-09  2.13557667e-01 
 1.00000000e-08  2.13557667e-01 
 1.01000000e-08  2.13560635e-01 
 1.03000000e-08  2.13566747e-01 
 1.07000000e-08  2.13580159e-01 
 1.10000000e-08  2.13590923e-01 
 1.10800000e-08  2.13591561e-01 
 1.12400000e-08  2.13592776e-01 
 1.15600000e-08  2.13594528e-01 
 1.22000000e-08  2.13596377e-01 
 1.32000000e-08  2.13597289e-01 
 1.42000000e-08  2.13597438e-01 
 1.52000000e-08  2.13597463e-01 
 1.62000000e-08  2.13597466e-01 
 1.72000000e-08  2.13597466e-01 
 1.82000000e-08  2.13597465e-01 
 1.92000000e-08  2.13597465e-01 
 2.02000000e-08  2.13597463e-01 
 2.12000000e-08  2.13597463e-01 
 2.22000000e-08  2.13597461e-01 
 2.32000000e-08  2.13597461e-01 
 2.42000000e-08  2.13597460e-01 
 2.52000000e-08  2.13597460e-01 
 2.62000000e-08  2.13597458e-01 
 2.72000000e-08  2.13597458e-01 
 2.82000000e-08  2.13597456e-01 
 2.92000000e-08  2.13597456e-01 
 3.02000000e-08  2.13597454e-01 
 3.12000000e-08  2.13597454e-01 
 3.22000000e-08  2.13597453e-01 
 3.32000000e-08  2.13597453e-01 
 3.42000000e-08  2.13597451e-01 
 3.52000000e-08  2.13597451e-01 
 3.62000000e-08  2.13597449e-01 
 3.72000000e-08  2.13597449e-01 
 3.82000000e-08  2.13597448e-01 
 3.92000000e-08  2.13597448e-01 
 4.02000000e-08  2.13597446e-01 
 4.12000000e-08  2.13597446e-01 
 4.22000000e-08  2.13597444e-01 
 4.32000000e-08  2.13597444e-01 
 4.42000000e-08  2.13597443e-01 
 4.52000000e-08  2.13597442e-01 
 4.62000000e-08  2.13597441e-01 
 4.72000000e-08  2.13597441e-01 
 4.82000000e-08  2.13597439e-01 
 4.92000000e-08  2.13597439e-01 
 5.02000000e-08  2.13597437e-01 
 5.12000000e-08  2.13597437e-01 
 5.22000000e-08  2.13597436e-01 
 5.32000000e-08  2.13597436e-01 
 5.42000000e-08  2.13597434e-01 
 5.52000000e-08  2.13597434e-01 
 5.62000000e-08  2.13597432e-01 
 5.72000000e-08  2.13597432e-01 
 5.82000000e-08  2.13597431e-01 
 5.92000000e-08  2.13597431e-01 
 6.02000000e-08  2.13597429e-01 
 6.12000000e-08  2.13597429e-01 
 6.22000000e-08  2.13597427e-01 
 6.32000000e-08  2.13597427e-01 
 6.42000000e-08  2.13597426e-01 
 6.52000000e-08  2.13597425e-01 
 6.62000000e-08  2.13597424e-01 
 6.72000000e-08  2.13597424e-01 
 6.82000000e-08  2.13597422e-01 
 6.92000000e-08  2.13597422e-01 
 7.02000000e-08  2.13597420e-01 
 7.12000000e-08  2.13597420e-01 
 7.22000000e-08  2.13597419e-01 
 7.32000000e-08  2.13597419e-01 
 7.42000000e-08  2.13597417e-01 
 7.52000000e-08  2.13597417e-01 
 7.62000000e-08  2.13597415e-01 
 7.72000000e-08  2.13597415e-01 
 7.82000000e-08  2.13597414e-01 
 7.92000000e-08  2.13597413e-01 
 8.02000000e-08  2.13597412e-01 
 8.12000000e-08  2.13597412e-01 
 8.22000000e-08  2.13597410e-01 
 8.32000000e-08  2.13597410e-01 
 8.42000000e-08  2.13597409e-01 
 8.52000000e-08  2.13597408e-01 
 8.62000000e-08  2.13597407e-01 
 8.72000000e-08  2.13597407e-01 
 8.82000000e-08  2.13597405e-01 
 8.92000000e-08  2.13597405e-01 
 9.02000000e-08  2.13597403e-01 
 9.12000000e-08  2.13597403e-01 
 9.22000000e-08  2.13597402e-01 
 9.32000000e-08  2.13597401e-01 
 9.42000000e-08  2.13597400e-01 
 9.52000000e-08  2.13597400e-01 
 9.62000000e-08  2.13597398e-01 
 9.72000000e-08  2.13597398e-01 
 9.82000000e-08  2.13597397e-01 
 9.92000000e-08  2.13597396e-01 
 1.00200000e-07  2.13597395e-01 
 1.01200000e-07  2.13597395e-01 
 1.02200000e-07  2.13597393e-01 
 1.03200000e-07  2.13597393e-01 
 1.04200000e-07  2.13597392e-01 
 1.05200000e-07  2.13597391e-01 
 1.06200000e-07  2.13597390e-01 
 1.07200000e-07  2.13597390e-01 
 1.08200000e-07  2.13597388e-01 
 1.09200000e-07  2.13597388e-01 
 1.10200000e-07  2.13597386e-01 
 1.11000000e-07  2.13597386e-01 
 1.11100000e-07  2.13594478e-01 
 1.11300000e-07  2.13588452e-01 
 1.11700000e-07  2.13575062e-01 
 1.12000000e-07  2.13564162e-01 
 1.12080000e-07  2.13563521e-01 
 1.12240000e-07  2.13562300e-01 
 1.12560000e-07  2.13560539e-01 
 1.13200000e-07  2.13558680e-01 
 1.14200000e-07  2.13557762e-01 
 1.15200000e-07  2.13557611e-01 
 1.16200000e-07  2.13557585e-01 
 1.17200000e-07  2.13557582e-01 
 1.18200000e-07  2.13557580e-01 
 1.19200000e-07  2.13557581e-01 
 1.20200000e-07  2.13557580e-01 
 1.21200000e-07  2.13557581e-01 
 1.22200000e-07  2.13557580e-01 
 1.23200000e-07  2.13557581e-01 
 1.24200000e-07  2.13557580e-01 
 1.25200000e-07  2.13557581e-01 
 1.26200000e-07  2.13557580e-01 
 1.27200000e-07  2.13557581e-01 
 1.28200000e-07  2.13557580e-01 
 1.29200000e-07  2.13557581e-01 
 1.30200000e-07  2.13557580e-01 
 1.31200000e-07  2.13557581e-01 
 1.32200000e-07  2.13557580e-01 
 1.33200000e-07  2.13557581e-01 
 1.34200000e-07  2.13557580e-01 
 1.35200000e-07  2.13557581e-01 
 1.36200000e-07  2.13557580e-01 
 1.37200000e-07  2.13557581e-01 
 1.38200000e-07  2.13557580e-01 
 1.39200000e-07  2.13557581e-01 
 1.40200000e-07  2.13557580e-01 
 1.41200000e-07  2.13557581e-01 
 1.42200000e-07  2.13557580e-01 
 1.43200000e-07  2.13557581e-01 
 1.44200000e-07  2.13557580e-01 
 1.45200000e-07  2.13557581e-01 
 1.46200000e-07  2.13557580e-01 
 1.47200000e-07  2.13557581e-01 
 1.48200000e-07  2.13557580e-01 
 1.49200000e-07  2.13557581e-01 
 1.50200000e-07  2.13557580e-01 
 1.51200000e-07  2.13557581e-01 
 1.52200000e-07  2.13557580e-01 
 1.53200000e-07  2.13557581e-01 
 1.54200000e-07  2.13557580e-01 
 1.55200000e-07  2.13557581e-01 
 1.56200000e-07  2.13557580e-01 
 1.57200000e-07  2.13557581e-01 
 1.58200000e-07  2.13557580e-01 
 1.59200000e-07  2.13557581e-01 
 1.60200000e-07  2.13557580e-01 
 1.61200000e-07  2.13557581e-01 
 1.62200000e-07  2.13557580e-01 
 1.63200000e-07  2.13557581e-01 
 1.64200000e-07  2.13557580e-01 
 1.65200000e-07  2.13557581e-01 
 1.66200000e-07  2.13557580e-01 
 1.67200000e-07  2.13557581e-01 
 1.68200000e-07  2.13557580e-01 
 1.69200000e-07  2.13557581e-01 
 1.70200000e-07  2.13557580e-01 
 1.71200000e-07  2.13557581e-01 
 1.72200000e-07  2.13557580e-01 
 1.73200000e-07  2.13557581e-01 
 1.74200000e-07  2.13557580e-01 
 1.75200000e-07  2.13557581e-01 
 1.76200000e-07  2.13557580e-01 
 1.77200000e-07  2.13557581e-01 
 1.78200000e-07  2.13557580e-01 
 1.79200000e-07  2.13557581e-01 
 1.80200000e-07  2.13557580e-01 
 1.81200000e-07  2.13557581e-01 
 1.82200000e-07  2.13557580e-01 
 1.83200000e-07  2.13557581e-01 
 1.84200000e-07  2.13557580e-01 
 1.85200000e-07  2.13557581e-01 
 1.86200000e-07  2.13557580e-01 
 1.87200000e-07  2.13557581e-01 
 1.88200000e-07  2.13557580e-01 
 1.89200000e-07  2.13557581e-01 
 1.90200000e-07  2.13557580e-01 
 1.91200000e-07  2.13557581e-01 
 1.92200000e-07  2.13557580e-01 
 1.93200000e-07  2.13557581e-01 
 1.94200000e-07  2.13557580e-01 
 1.95200000e-07  2.13557581e-01 
 1.96200000e-07  2.13557580e-01 
 1.97200000e-07  2.13557581e-01 
 1.98200000e-07  2.13557580e-01 
 1.99200000e-07  2.13557581e-01 
 2.00200000e-07  2.13557580e-01 
 2.01200000e-07  2.13557581e-01 
 2.02200000e-07  2.13557580e-01 
 2.03200000e-07  2.13557581e-01 
 2.04200000e-07  2.13557580e-01 
 2.05200000e-07  2.13557581e-01 
 2.06200000e-07  2.13557580e-01 
 2.07200000e-07  2.13557581e-01 
 2.08200000e-07  2.13557580e-01 
 2.09200000e-07  2.13557581e-01 
 2.10000000e-07  2.13557581e-01 
 2.10100000e-07  2.13560549e-01 
 2.10300000e-07  2.13566661e-01 
 2.10700000e-07  2.13580072e-01 
 2.11000000e-07  2.13590837e-01 
 2.11080000e-07  2.13591475e-01 
 2.11240000e-07  2.13592689e-01 
 2.11560000e-07  2.13594442e-01 
 2.12200000e-07  2.13596291e-01 
 2.13200000e-07  2.13597203e-01 
 2.14200000e-07  2.13597352e-01 
 2.15200000e-07  2.13597377e-01 
 2.16200000e-07  2.13597380e-01 
 2.17200000e-07  2.13597380e-01 
 2.18200000e-07  2.13597379e-01 
 2.19200000e-07  2.13597379e-01 
 2.20200000e-07  2.13597377e-01 
 2.21200000e-07  2.13597377e-01 
 2.22200000e-07  2.13597375e-01 
 2.23200000e-07  2.13597375e-01 
 2.24200000e-07  2.13597374e-01 
 2.25200000e-07  2.13597374e-01 
 2.26200000e-07  2.13597372e-01 
 2.27200000e-07  2.13597372e-01 
 2.28200000e-07  2.13597370e-01 
 2.29200000e-07  2.13597370e-01 
 2.30200000e-07  2.13597368e-01 
 2.31200000e-07  2.13597368e-01 
 2.32200000e-07  2.13597367e-01 
 2.33200000e-07  2.13597367e-01 
 2.34200000e-07  2.13597365e-01 
 2.35200000e-07  2.13597365e-01 
 2.36200000e-07  2.13597363e-01 
 2.37200000e-07  2.13597363e-01 
 2.38200000e-07  2.13597362e-01 
 2.39200000e-07  2.13597362e-01 
 2.40200000e-07  2.13597360e-01 
 2.41200000e-07  2.13597360e-01 
 2.42200000e-07  2.13597358e-01 
 2.43200000e-07  2.13597358e-01 
 2.44200000e-07  2.13597357e-01 
 2.45200000e-07  2.13597356e-01 
 2.46200000e-07  2.13597355e-01 
 2.47200000e-07  2.13597355e-01 
 2.48200000e-07  2.13597353e-01 
 2.49200000e-07  2.13597353e-01 
 2.50200000e-07  2.13597351e-01 
 2.51200000e-07  2.13597351e-01 
 2.52200000e-07  2.13597350e-01 
 2.53200000e-07  2.13597350e-01 
 2.54200000e-07  2.13597348e-01 
 2.55200000e-07  2.13597348e-01 
 2.56200000e-07  2.13597346e-01 
 2.57200000e-07  2.13597346e-01 
 2.58200000e-07  2.13597345e-01 
 2.59200000e-07  2.13597345e-01 
 2.60200000e-07  2.13597343e-01 
 2.61200000e-07  2.13597343e-01 
 2.62200000e-07  2.13597341e-01 
 2.63200000e-07  2.13597341e-01 
 2.64200000e-07  2.13597340e-01 
 2.65200000e-07  2.13597339e-01 
 2.66200000e-07  2.13597338e-01 
 2.67200000e-07  2.13597338e-01 
 2.68200000e-07  2.13597336e-01 
 2.69200000e-07  2.13597336e-01 
 2.70200000e-07  2.13597334e-01 
 2.71200000e-07  2.13597334e-01 
 2.72200000e-07  2.13597333e-01 
 2.73200000e-07  2.13597333e-01 
 2.74200000e-07  2.13597331e-01 
 2.75200000e-07  2.13597331e-01 
 2.76200000e-07  2.13597329e-01 
 2.77200000e-07  2.13597329e-01 
 2.78200000e-07  2.13597328e-01 
 2.79200000e-07  2.13597327e-01 
 2.80200000e-07  2.13597326e-01 
 2.81200000e-07  2.13597326e-01 
 2.82200000e-07  2.13597324e-01 
 2.83200000e-07  2.13597324e-01 
 2.84200000e-07  2.13597323e-01 
 2.85200000e-07  2.13597322e-01 
 2.86200000e-07  2.13597321e-01 
 2.87200000e-07  2.13597321e-01 
 2.88200000e-07  2.13597319e-01 
 2.89200000e-07  2.13597319e-01 
 2.90200000e-07  2.13597317e-01 
 2.91200000e-07  2.13597317e-01 
 2.92200000e-07  2.13597316e-01 
 2.93200000e-07  2.13597316e-01 
 2.94200000e-07  2.13597314e-01 
 2.95200000e-07  2.13597314e-01 
 2.96200000e-07  2.13597312e-01 
 2.97200000e-07  2.13597312e-01 
 2.98200000e-07  2.13597311e-01 
 2.99200000e-07  2.13597310e-01 
 3.00000000e-07  2.13597309e-01 
