 1.00000000e+00  2.47403507e+01  1.00000000e+00 -6.94497430e+01 
 1.12201845e+00  2.38582666e+01  1.12201845e+00 -7.16508867e+01 
 1.25892541e+00  2.29542402e+01  1.25892541e+00 -7.36770444e+01 
 1.41253754e+00  2.20319814e+01  1.41253754e+00 -7.55370817e+01 
 1.58489319e+00  2.10946970e+01  1.58489319e+00 -7.72421208e+01 
 1.77827941e+00  2.01451117e+01  1.77827941e+00 -7.88047009e+01 
 1.99526231e+00  1.91855080e+01  1.99526231e+00 -8.02381258e+01 
 2.23872114e+00  1.82177761e+01  2.23872114e+00 -8.15559834e+01 
 2.51188643e+00  1.72434659e+01  2.51188643e+00 -8.27718133e+01 
 2.81838293e+00  1.62638371e+01  2.81838293e+00 -8.38988943e+01 
 3.16227766e+00  1.52799053e+01  3.16227766e+00 -8.49501249e+01 
 3.54813389e+00  1.42924819e+01  3.54813389e+00 -8.59379750e+01 
 3.98107171e+00  1.33022084e+01  3.98107171e+00 -8.68744892e+01 
 4.46683592e+00  1.23095850e+01  4.46683592e+00 -8.77713277e+01 
 5.01187234e+00  1.13149934e+01  5.01187234e+00 -8.86398337e+01 
 5.62341325e+00  1.03187145e+01  5.62341325e+00 -8.94911204e+01 
 6.30957344e+00  9.32094224e+00  6.30957344e+00 -9.03361700e+01 
 7.07945784e+00  8.32179297e+00  7.07945784e+00 -9.11859429e+01 
 7.94328235e+00  7.32131101e+00  7.94328235e+00 -9.20514933e+01 
 8.91250938e+00  6.31947092e+00  8.91250938e+00 -9.29440895e+01 
 1.00000000e+01  5.31617617e+00  1.00000000e+01 -9.38753377e+01 
 1.12201845e+01  4.31125429e+00  1.12201845e+01 -9.48573078e+01 
 1.25892541e+01  3.30444834e+00  1.25892541e+01 -9.59026595e+01 
 1.41253754e+01  2.29540430e+00  1.41253754e+01 -9.70247672e+01 
 1.58489319e+01  1.28365404e+00  1.58489319e+01 -9.82378391e+01 
 1.77827941e+01  2.68593151e-01  1.77827941e+01 -9.95570275e+01 
 1.99526231e+01 -7.50546732e-01  1.99526231e+01 -1.00998522e+02 
 2.23872114e+01 -1.77473196e+00  2.23872114e+01 -1.02579618e+02 
 2.51188643e+01 -2.80516750e+00  2.51188643e+01 -1.04318741e+02 
 2.81838293e+01 -3.84334448e+00  2.81838293e+01 -1.06235421e+02 
 3.16227766e+01 -4.89109402e+00  3.16227766e+01 -1.08350176e+02 
 3.54813389e+01 -5.95064584e+00  3.54813389e+01 -1.10684294e+02 
 3.98107171e+01 -7.02468841e+00  3.98107171e+01 -1.13259467e+02 
 4.46683592e+01 -8.11642503e+00  4.46683592e+01 -1.16097234e+02 
 5.01187234e+01 -9.22961685e+00  5.01187234e+01 -1.19218224e+02 
 5.62341325e+01 -1.03686000e+01  5.62341325e+01 -1.22641135e+02 
 6.30957344e+01 -1.15382596e+01  6.30957344e+01 -1.26381484e+02 
 7.07945784e+01 -1.27439399e+01  7.07945784e+01 -1.30450149e+02 
 7.94328235e+01 -1.39912685e+01  7.94328235e+01 -1.34851808e+02 
 8.91250938e+01 -1.52858758e+01  8.91250938e+01 -1.39583470e+02 
 1.00000000e+02 -1.66330016e+01  1.00000000e+02 -1.44633341e+02 
 1.12201845e+02 -1.80369972e+01  1.12201845e+02 -1.49980343e+02 
 1.25892541e+02 -1.95007576e+01  1.25892541e+02 -1.55594600e+02 
 1.41253754e+02 -2.10251424e+01  1.41253754e+02 -1.61439082e+02 
 1.58489319e+02 -2.26084651e+01  1.58489319e+02 -1.67472450e+02 
 1.77827941e+02 -2.42461354e+01  1.77827941e+02 -1.73652856e+02 
 1.99526231e+02 -2.59305261e+01  1.99526231e+02 -1.79942196e+02 
 2.23872114e+02 -2.76511026e+01  2.23872114e+02  1.73689887e+02 
 2.51188643e+02 -2.93948101e+01  2.51188643e+02  1.67263025e+02 
 2.81838293e+02 -3.11466641e+01  2.81838293e+02  1.60784857e+02 
 3.16227766e+02 -3.28904568e+01  3.16227766e+02  1.54251829e+02 
 3.54813389e+02 -3.46094846e+01  3.54813389e+02  1.47652076e+02 
 3.98107171e+02 -3.62872157e+01  3.98107171e+02  1.40969903e+02 
 4.46683592e+02 -3.79078583e+01  4.46683592e+02  1.34191118e+02 
 5.01187234e+02 -3.94568321e+01  5.01187234e+02  1.27308297e+02 
 5.62341325e+02 -4.09211691e+01  5.62341325e+02  1.20325106e+02 
 6.30957344e+02 -4.22898782e+01  6.30957344e+02  1.13259033e+02 
 7.07945784e+02 -4.35542808e+01  7.07945784e+02  1.06142153e+02 
 7.94328235e+02 -4.47083032e+01  7.94328235e+02  9.90199031e+01 
 8.91250938e+02 -4.57486816e+01  8.91250938e+02  9.19481194e+01 
 1.00000000e+03 -4.66750323e+01  1.00000000e+03  8.49888447e+01 
 1.12201845e+03 -4.74897505e+01  1.12201845e+03  7.82055489e+01 
 1.25892541e+03 -4.81977285e+01  1.25892541e+03  7.16584448e+01 
 1.41253754e+03 -4.88059145e+01  1.41253754e+03  6.54004955e+01 
 1.58489319e+03 -4.93227647e+01  1.58489319e+03  5.94745382e+01 
 1.77827941e+03 -4.97576540e+01  1.77827941e+03  5.39117149e+01 
 1.99526231e+03 -5.01203127e+01  1.99526231e+03  4.87311725e+01 
 2.23872114e+03 -5.04203425e+01  2.23872114e+03  4.39408081e+01 
 2.51188643e+03 -5.06668443e+01  2.51188643e+03  3.95387376e+01 
 2.81838293e+03 -5.08681655e+01  2.81838293e+03  3.55151476e+01 
 3.16227766e+03 -5.10317592e+01  3.16227766e+03  3.18542412e+01 
 3.54813389e+03 -5.11641343e+01  3.54813389e+03  2.85360653e+01 
 3.98107171e+03 -5.12708727e+01  3.98107171e+03  2.55380972e+01 
 4.46683592e+03 -5.13566910e+01  4.46683592e+03  2.28365368e+01 
 5.01187234e+03 -5.14255264e+01  5.01187234e+03  2.04073013e+01 
 5.62341325e+03 -5.14806337e+01  5.62341325e+03  1.82267529e+01 
 6.30957344e+03 -5.15246821e+01  6.30957344e+03  1.62721994e+01 
 7.07945784e+03 -5.15598468e+01  7.07945784e+03  1.45222154e+01 
 7.94328235e+03 -5.15878911e+01  7.94328235e+03  1.29568250e+01 
 8.91250938e+03 -5.16102387e+01  8.91250938e+03  1.15575844e+01 
 1.00000000e+04 -5.16280353e+01  1.00000000e+04  1.03075917e+01 
 1.12201845e+04 -5.16422003e+01  1.12201845e+04  9.19144888e+00 
 1.25892541e+04 -5.16534702e+01  1.25892541e+04  8.19519264e+00 
 1.41253754e+04 -5.16624336e+01  1.41253754e+04  7.30620610e+00 
 1.58489319e+04 -5.16695608e+01  1.58489319e+04  6.51312156e+00 
 1.77827941e+04 -5.16752267e+01  1.77827941e+04  5.80571972e+00 
 1.99526231e+04 -5.16797303e+01  1.99526231e+04  5.17482987e+00 
 2.23872114e+04 -5.16833094e+01  2.23872114e+04  4.61223382e+00 
 2.51188643e+04 -5.16861535e+01  2.51188643e+04  4.11057496e+00 
 2.81838293e+04 -5.16884135e+01  2.81838293e+04  3.66327367e+00 
 3.16227766e+04 -5.16902090e+01  3.16227766e+04  3.26444914e+00 
 3.54813389e+04 -5.16916356e+01  3.54813389e+04  2.90884791e+00 
 3.98107171e+04 -5.16927690e+01  3.98107171e+04  2.59177879e+00 
 4.46683592e+04 -5.16936694e+01  4.46683592e+04  2.30905388e+00 
 5.01187234e+04 -5.16943847e+01  5.01187234e+04  2.05693535e+00 
 5.62341325e+04 -5.16949529e+01  5.62341325e+04  1.83208748e+00 
 6.30957344e+04 -5.16954043e+01  6.30957344e+04  1.63153357e+00 
 7.07945784e+04 -5.16957629e+01  7.07945784e+04  1.45261727e+00 
 7.94328235e+04 -5.16960478e+01  7.94328235e+04  1.29296794e+00 
 8.91250938e+04 -5.16962741e+01  8.91250938e+04  1.15046957e+00 
 1.00000000e+05 -5.16964540e+01  1.00000000e+05  1.02323303e+00 
 1.12201845e+05 -5.16965969e+01  1.12201845e+05  9.09571193e-01 
 1.25892541e+05 -5.16967104e+01  1.25892541e+05  8.07976709e-01 
 1.41253754e+05 -5.16968007e+01  1.41253754e+05  7.17102093e-01 
 1.58489319e+05 -5.16968726e+01  1.58489319e+05  6.35741930e-01 
 1.77827941e+05 -5.16969297e+01  1.77827941e+05  5.62816930e-01 
 1.99526231e+05 -5.16969753e+01  1.99526231e+05  4.97359640e-01 
 2.23872114e+05 -5.16970117e+01  2.23872114e+05  4.38501636e-01 
 2.51188643e+05 -5.16970409e+01  2.51188643e+05  3.85462019e-01 
 2.81838293e+05 -5.16970644e+01  2.81838293e+05  3.37537063e-01 
 3.16227766e+05 -5.16970835e+01  3.16227766e+05  2.94090889e-01 
 3.54813389e+05 -5.16970991e+01  3.54813389e+05  2.54547032e-01 
 3.98107171e+05 -5.16971122e+01  3.98107171e+05  2.18380799e-01 
 4.46683592e+05 -5.16971234e+01  4.46683592e+05  1.85112307e-01 
 5.01187234e+05 -5.16971333e+01  5.01187234e+05  1.54300122e-01 
 5.62341325e+05 -5.16971425e+01  5.62341325e+05  1.25535398e-01 
 6.30957344e+05 -5.16971513e+01  6.30957344e+05  9.84364590e-02 
 7.07945784e+05 -5.16971604e+01  7.07945784e+05  7.26437329e-02 
 7.94328235e+05 -5.16971702e+01  7.94328235e+05  4.78149827e-02 
 8.91250938e+05 -5.16971812e+01  8.91250938e+05  2.36207677e-02 
 1.00000000e+06 -5.16971939e+01  1.00000000e+06 -2.59926087e-04 
 1.12201845e+06 -5.16972091e+01  1.12201845e+06 -2.41439417e-02 
 1.25892541e+06 -5.16972276e+01  1.25892541e+06 -4.83481510e-02 
 1.41253754e+06 -5.16972504e+01  1.41253754e+06 -7.31936525e-02 
 1.58489319e+06 -5.16972786e+01  1.58489319e+06 -9.90100234e-02 
 1.77827941e+06 -5.16973139e+01  1.77827941e+06 -1.26139679e-01 
 1.99526231e+06 -5.16973579e+01  1.99526231e+06 -1.54942401e-01 
 2.23872114e+06 -5.16974132e+01  2.23872114e+06 -1.85800080e-01 
 2.51188643e+06 -5.16974826e+01  2.51188643e+06 -2.19121753e-01 
 2.81838293e+06 -5.16975699e+01  2.81838293e+06 -2.55348975e-01 
 3.16227766e+06 -5.16976797e+01  3.16227766e+06 -2.94961608e-01 
 3.54813389e+06 -5.16978177e+01  3.54813389e+06 -3.38484087e-01 
 3.98107171e+06 -5.16979915e+01  3.98107171e+06 -3.86492230e-01 
 4.46683592e+06 -5.16982101e+01  4.46683592e+06 -4.39620679e-01 
 5.01187234e+06 -5.16984853e+01  5.01187234e+06 -4.98571031e-01 
 5.62341325e+06 -5.16988317e+01  5.62341325e+06 -5.64120739e-01 
 6.30957344e+06 -5.16992677e+01  6.30957344e+06 -6.37132859e-01 
 7.07945784e+06 -5.16998163e+01  7.07945784e+06 -7.18566685e-01 
 7.94328235e+06 -5.17005069e+01  7.94328235e+06 -8.09489341e-01 
 8.91250938e+06 -5.17013759e+01  8.91250938e+06 -9.11088324e-01 
 1.00000000e+07 -5.17024694e+01  1.00000000e+07 -1.02468499e+00 
 1.12201845e+07 -5.17038453e+01  1.12201845e+07 -1.15174889e+00 
 1.25892541e+07 -5.17055762e+01  1.25892541e+07 -1.29391275e+00 
 1.41253754e+07 -5.17077533e+01  1.41253754e+07 -1.45298782e+00 
 1.58489319e+07 -5.17104910e+01  1.58489319e+07 -1.63097898e+00 
 1.77827941e+07 -5.17139327e+01  1.77827941e+07 -1.83009884e+00 
 1.99526231e+07 -5.17182579e+01  1.99526231e+07 -2.05277965e+00 
 2.23872114e+07 -5.17236906e+01  2.23872114e+07 -2.30168104e+00 
 2.51188643e+07 -5.17305109e+01  2.51188643e+07 -2.57969131e+00 
 2.81838293e+07 -5.17390666e+01  2.81838293e+07 -2.88991840e+00 
 3.16227766e+07 -5.17497899e+01  3.16227766e+07 -3.23566571e+00 
 3.54813389e+07 -5.17632144e+01  3.54813389e+07 -3.62038608e+00 
 3.98107171e+07 -5.17799970e+01  3.98107171e+07 -4.04760492e+00 
 4.46683592e+07 -5.18009405e+01  4.46683592e+07 -4.52080119e+00 
 5.01187234e+07 -5.18270190e+01  5.01187234e+07 -5.04323200e+00 
 5.62341325e+07 -5.18594027e+01  5.62341325e+07 -5.61768429e+00 
 6.30957344e+07 -5.18994804e+01  6.30957344e+07 -6.24613573e+00 
 7.07945784e+07 -5.19488734e+01  7.07945784e+07 -6.92930801e+00 
 7.94328235e+07 -5.20094365e+01  7.94328235e+07 -7.66610218e+00 
 8.91250938e+07 -5.20832347e+01  8.91250938e+07 -8.45291902e+00 
 1.00000000e+08 -5.21724854e+01  1.00000000e+08 -9.28289289e+00 
 1.12201845e+08 -5.22794540e+01  1.12201845e+08 -1.01451054e+01 
 1.25892541e+08 -5.24062919e+01  1.25892541e+08 -1.10238966e+01 
 1.41253754e+08 -5.25548134e+01  1.41253754e+08 -1.18984459e+01 
 1.58489319e+08 -5.27262194e+01  1.58489319e+08 -1.27428406e+01 
 1.77827941e+08 -5.29207934e+01  1.77827941e+08 -1.35268515e+01 
 1.99526231e+08 -5.31376173e+01  1.99526231e+08 -1.42175715e+01 
 2.23872114e+08 -5.33743683e+01  2.23872114e+08 -1.47819217e+01 
 2.51188643e+08 -5.36272641e+01  2.51188643e+08 -1.51898076e+01 
 2.81838293e+08 -5.38912041e+01  2.81838293e+08 -1.54174697e+01 
 3.16227766e+08 -5.41601170e+01  3.16227766e+08 -1.54504130e+01 
 3.54813389e+08 -5.44274763e+01  3.54813389e+08 -1.52852964e+01 
 3.98107171e+08 -5.46868981e+01  3.98107171e+08 -1.49303500e+01 
 4.46683592e+08 -5.49327125e+01  4.46683592e+08 -1.44042218e+01 
 5.01187234e+08 -5.51604080e+01  5.01187234e+08 -1.37335211e+01 
 5.62341325e+08 -5.53668838e+01  5.62341325e+08 -1.29496019e+01 
 6.30957344e+08 -5.55504940e+01  6.30957344e+08 -1.20852265e+01 
 7.07945784e+08 -5.57109153e+01  7.07945784e+08 -1.11716659e+01 
 7.94328235e+08 -5.58488968e+01  7.94328235e+08 -1.02365813e+01 
 8.91250938e+08 -5.59659594e+01  8.91250938e+08 -9.30279590e+00 
 1.00000000e+09 -5.60640997e+01  1.00000000e+09 -8.38786829e+00 
 1.12201845e+09 -5.61455369e+01  1.12201845e+09 -7.50427233e+00 
 1.25892541e+09 -5.62125172e+01  1.25892541e+09 -6.65995674e+00 
 1.41253754e+09 -5.62671796e+01  1.41253754e+09 -5.85908592e+00 
 1.58489319e+09 -5.63114742e+01  1.58489319e+09 -5.10281467e+00 
 1.77827941e+09 -5.63471211e+01  1.77827941e+09 -4.39000454e+00 
 1.99526231e+09 -5.63755980e+01  1.99526231e+09 -3.71783501e+00 
 2.23872114e+09 -5.63981473e+01  2.23872114e+09 -3.08229471e+00 
 2.51188643e+09 -5.64157921e+01  2.51188643e+09 -2.47855691e+00 
 2.81838293e+09 -5.64293579e+01  2.81838293e+09 -1.90125387e+00 
 3.16227766e+09 -5.64394941e+01  3.16227766e+09 -1.34466762e+00 
 3.54813389e+09 -5.64466949e+01  3.54813389e+09 -8.02855322e-01 
 3.98107171e+09 -5.64513157e+01  3.98107171e+09 -2.69725070e-01 
 4.46683592e+09 -5.64535868e+01  4.46683592e+09  2.60923983e-01 
 5.01187234e+09 -5.64536223e+01  5.01187234e+09  7.95385627e-01 
 5.62341325e+09 -5.64514247e+01  5.62341325e+09  1.34004491e+00 
 6.30957344e+09 -5.64468852e+01  6.30957344e+09  1.90138208e+00 
 7.07945784e+09 -5.64397798e+01  7.07945784e+09  2.48597385e+00 
 7.94328235e+09 -5.64297604e+01  7.94328235e+09  3.10048354e+00 
 8.91250938e+09 -5.64163432e+01  8.91250938e+09  3.75163080e+00 
 1.00000000e+10 -5.63988918e+01  1.00000000e+10  4.44613014e+00 
 1.12201845e+10 -5.63765994e+01  1.12201845e+10  5.19058611e+00 
 1.25892541e+10 -5.63484682e+01  1.25892541e+10  5.99133148e+00 
 1.41253754e+10 -5.63132911e+01  1.41253754e+10  6.85419426e+00 
 1.58489319e+10 -5.62696381e+01  1.58489319e+10  7.78418163e+00 
 1.77827941e+10 -5.62158529e+01  1.77827941e+10  8.78507474e+00 
 1.99526231e+10 -5.61500672e+01  1.99526231e+10  9.85894120e+00 
 2.23872114e+10 -5.60702412e+01  2.23872114e+10  1.10055937e+01 
 2.51188643e+10 -5.59742370e+01  2.51188643e+10  1.22220551e+01 
 2.81838293e+10 -5.58599324e+01  2.81838293e+10  1.35021281e+01 
 3.16227766e+10 -5.57253722e+01  3.16227766e+10  1.48362074e+01 
 3.54813389e+10 -5.55689448e+01  3.54813389e+10  1.62114865e+01 
 3.98107171e+10 -5.53895572e+01  3.98107171e+10  1.76126903e+01 
 4.46683592e+10 -5.51867657e+01  4.46683592e+10  1.90233696e+01 
 5.01187234e+10 -5.49608140e+01  5.01187234e+10  2.04276377e+01 
 5.62341325e+10 -5.47125399e+01  5.62341325e+10  2.18120311e+01 
 6.30957344e+10 -5.44431373e+01  6.30957344e+10  2.31670175e+01 
 7.07945784e+10 -5.41538069e+01  7.07945784e+10  2.44876372e+01 
 7.94328235e+10 -5.38453689e+01  7.94328235e+10  2.57729064e+01 
 8.91250938e+10 -5.35179407e+01  8.91250938e+10  2.70239167e+01 
 1.00000000e+11 -5.31707758e+01  1.00000000e+11  2.82409367e+01 
 1.12201845e+11 -5.28023298e+01  1.12201845e+11  2.94201279e+01 
 1.25892541e+11 -5.24105607e+01  1.25892541e+11  3.05506242e+01 
 1.41253754e+11 -5.19934184e+01  1.41253754e+11  3.16126640e+01 
 1.58489319e+11 -5.15494356e+01  1.58489319e+11  3.25772370e+01 
 1.77827941e+11 -5.10783113e+01  1.77827941e+11  3.34073915e+01 
 1.99526231e+11 -5.05813845e+01  1.99526231e+11  3.40610226e+01 
 2.23872114e+11 -5.00619197e+01  2.23872114e+11  3.44947051e+01 
 2.51188643e+11 -4.95251651e+01  2.51188643e+11  3.46679951e+01 
 2.81838293e+11 -4.89781840e+01  2.81838293e+11  3.45476191e+01 
 3.16227766e+11 -4.84294868e+01  3.16227766e+11  3.41110707e+01 
 3.54813389e+11 -4.78885132e+01  3.54813389e+11  3.33492792e+01 
 3.98107171e+11 -4.73650118e+01  3.98107171e+11  3.22681379e+01 
 4.46683592e+11 -4.68683711e+01  4.46683592e+11  3.08887576e+01 
 5.01187234e+11 -4.64069544e+01  5.01187234e+11  2.92463591e+01 
 5.62341325e+11 -4.59875072e+01  5.62341325e+11  2.73878005e+01 
 6.30957344e+11 -4.56147081e+01  6.30957344e+11  2.53678852e+01 
 7.07945784e+11 -4.52909359e+01  7.07945784e+11  2.32448281e+01 
 7.94328235e+11 -4.50162964e+01  7.94328235e+11  2.10754859e+01 
 8.91250938e+11 -4.47889054e+01  8.91250938e+11  1.89110832e+01 
 1.00000000e+12 -4.46053732e+01  1.00000000e+12  1.67940940e+01 
