 1.00000000e+00 -1.49601634e+02  1.00000000e+00  8.31871967e+01 
 1.12201845e+00 -1.48614205e+02  1.12201845e+00  8.39211861e+01 
 1.25892541e+00 -1.47624217e+02  1.25892541e+00  8.45769299e+01 
 1.41253754e+00 -1.46632186e+02  1.41253754e+00  8.51624310e+01 
 1.58489319e+00 -1.45638526e+02  1.58489319e+00  8.56849608e+01 
 1.77827941e+00 -1.44643569e+02  1.77827941e+00  8.61510990e+01 
 1.99526231e+00 -1.43647579e+02  1.99526231e+00  8.65667792e+01 
 2.23872114e+00 -1.42650767e+02  2.23872114e+00  8.69373385e+01 
 2.51188643e+00 -1.41653301e+02  2.51188643e+00  8.72675670e+01 
 2.81838293e+00 -1.40655315e+02  2.81838293e+00  8.75617569e+01 
 3.16227766e+00 -1.39656916e+02  3.16227766e+00  8.78237478e+01 
 3.54813389e+00 -1.38658187e+02  3.54813389e+00  8.80569711e+01 
 3.98107171e+00 -1.37659198e+02  3.98107171e+00  8.82644895e+01 
 4.46683592e+00 -1.36660000e+02  4.46683592e+00  8.84490338e+01 
 5.01187234e+00 -1.35660638e+02  5.01187234e+00  8.86130368e+01 
 5.62341325e+00 -1.34661145e+02  5.62341325e+00  8.87586633e+01 
 6.30957344e+00 -1.33661548e+02  6.30957344e+00  8.88878376e+01 
 7.07945784e+00 -1.32661868e+02  7.07945784e+00  8.90022680e+01 
 7.94328235e+00 -1.31662122e+02  7.94328235e+00  8.91034689e+01 
 8.91250938e+00 -1.30662324e+02  8.91250938e+00  8.91927804e+01 
 1.00000000e+01 -1.29662485e+02  1.00000000e+01  8.92713855e+01 
 1.12201845e+01 -1.28662613e+02  1.12201845e+01  8.93403258e+01 
 1.25892541e+01 -1.27662715e+02  1.25892541e+01  8.94005150e+01 
 1.41253754e+01 -1.26662796e+02  1.41253754e+01  8.94527513e+01 
 1.58489319e+01 -1.25662862e+02  1.58489319e+01  8.94977271e+01 
 1.77827941e+01 -1.24662914e+02  1.77827941e+01  8.95360389e+01 
 1.99526231e+01 -1.23662956e+02  1.99526231e+01  8.95681949e+01 
 2.23872114e+01 -1.22662991e+02  2.23872114e+01  8.95946215e+01 
 2.51188643e+01 -1.21663020e+02  2.51188643e+01  8.96156693e+01 
 2.81838293e+01 -1.20663044e+02  2.81838293e+01  8.96316175e+01 
 3.16227766e+01 -1.19663066e+02  3.16227766e+01  8.96426777e+01 
 3.54813389e+01 -1.18663085e+02  3.54813389e+01  8.96489966e+01 
 3.98107171e+01 -1.17663104e+02  3.98107171e+01  8.96506580e+01 
 4.46683592e+01 -1.16663123e+02  4.46683592e+01  8.96476840e+01 
 5.01187234e+01 -1.15663143e+02  5.01187234e+01  8.96400350e+01 
 5.62341325e+01 -1.14663165e+02  5.62341325e+01  8.96276097e+01 
 6.30957344e+01 -1.13663191e+02  6.30957344e+01  8.96102432e+01 
 7.07945784e+01 -1.12663221e+02  7.07945784e+01  8.95877052e+01 
 7.94328235e+01 -1.11663258e+02  7.94328235e+01  8.95596965e+01 
 8.91250938e+01 -1.10663303e+02  8.91250938e+01  8.95258458e+01 
 1.00000000e+02 -1.09663359e+02  1.00000000e+02  8.94857041e+01 
 1.12201845e+02 -1.08663428e+02  1.12201845e+02  8.94387389e+01 
 1.25892541e+02 -1.07663515e+02  1.25892541e+02  8.93843275e+01 
 1.41253754e+02 -1.06663624e+02  1.41253754e+02  8.93217485e+01 
 1.58489319e+02 -1.05663761e+02  1.58489319e+02  8.92501722e+01 
 1.77827941e+02 -1.04663932e+02  1.77827941e+02  8.91686499e+01 
 1.99526231e+02 -1.03664148e+02  1.99526231e+02  8.90761016e+01 
 2.23872114e+02 -1.02664420e+02  2.23872114e+02  8.89713014e+01 
 2.51188643e+02 -1.01664762e+02  2.51188643e+02  8.88528619e+01 
 2.81838293e+02 -1.00665193e+02  2.81838293e+02  8.87192158e+01 
 3.16227766e+02 -9.96657342e+01  3.16227766e+02  8.85685962e+01 
 3.54813389e+02 -9.86664160e+01  3.54813389e+02  8.83990133e+01 
 3.98107171e+02 -9.76672740e+01  3.98107171e+02  8.82082293e+01 
 4.46683592e+02 -9.66683540e+01  4.46683592e+02  8.79937306e+01 
 5.01187234e+02 -9.56697131e+01  5.01187234e+02  8.77526960e+01 
 5.62341325e+02 -9.46714235e+01  5.62341325e+02  8.74819624e+01 
 6.30957344e+02 -9.36735758e+01  6.30957344e+02  8.71779874e+01 
 7.07945784e+02 -9.26762839e+01  7.07945784e+02  8.68368079e+01 
 7.94328235e+02 -9.16796907e+01  7.94328235e+02  8.64539961e+01 
 8.91250938e+02 -9.06839759e+01  8.91250938e+02  8.60246124e+01 
 1.00000000e+03 -8.96893646e+01  1.00000000e+03  8.55431565e+01 
 1.12201845e+03 -8.86961390e+01  1.12201845e+03  8.50035176e+01 
 1.25892541e+03 -8.77046525e+01  1.25892541e+03  8.43989260e+01 
 1.41253754e+03 -8.67153467e+01  1.41253754e+03  8.37219079e+01 
 1.58489319e+03 -8.57287725e+01  1.58489319e+03  8.29642503e+01 
 1.77827941e+03 -8.47456159e+01  1.77827941e+03  8.21169783e+01 
 1.99526231e+03 -8.37667279e+01  1.99526231e+03  8.11703571e+01 
 2.23872114e+03 -8.27931613e+01  2.23872114e+03  8.01139272e+01 
 2.51188643e+03 -8.18262118e+01  2.51188643e+03  7.89365899e+01 
 2.81838293e+03 -8.08674654e+01  2.81838293e+03  7.76267611e+01 
 3.16227766e+03 -7.99188496e+01  3.16227766e+03  7.61726177e+01 
 3.54813389e+03 -7.89826859e+01  3.54813389e+03  7.45624627e+01 
 3.98107171e+03 -7.80617394e+01  3.98107171e+03  7.27852382e+01 
 4.46683592e+03 -7.71592584e+01  4.46683592e+03  7.08312100e+01 
 5.01187234e+03 -7.62789938e+01  5.01187234e+03  6.86928366e+01 
 5.62341325e+03 -7.54251845e+01  5.62341325e+03  6.63658132e+01 
 6.30957344e+03 -7.46024954e+01  6.30957344e+03  6.38502424e+01 
 7.07945784e+03 -7.38158918e+01  7.07945784e+03  6.11518301e+01 
 7.94328235e+03 -7.30704412e+01  7.94328235e+03  5.82829486e+01 
 8.91250938e+03 -7.23710426e+01  8.91250938e+03  5.52633523e+01 
 1.00000000e+04 -7.17220995e+01  1.00000000e+04  5.21203179e+01 
 1.12201845e+04 -7.11271726e+01  1.12201845e+04  4.88880157e+01 
 1.25892541e+04 -7.05886603e+01  1.25892541e+04  4.56060365e+01 
 1.41253754e+04 -7.01075662e+01  1.41253754e+04  4.23171647e+01 
 1.58489319e+04 -6.96833969e+01  1.58489319e+04  3.90646755e+01 
 1.77827941e+04 -6.93142121e+01  1.77827941e+04  3.58895570e+01 
 1.99526231e+04 -6.89968179e+01  1.99526231e+04  3.28280820e+01 
 2.23872114e+04 -6.87270617e+01  2.23872114e+04  2.99100567e+01 
 2.51188643e+04 -6.85001769e+01  2.51188643e+04  2.71579055e+01 
 2.81838293e+04 -6.83111211e+01  2.81838293e+04  2.45865656e+01 
 3.16227766e+04 -6.81548693e+01  3.16227766e+04  2.22040334e+01 
 3.54813389e+04 -6.80266374e+01  3.54813389e+04  2.00123354e+01 
 3.98107171e+04 -6.79220317e+01  3.98107171e+04  1.80087021e+01 
 4.46683592e+04 -6.78371315e+01  4.46683592e+04  1.61867635e+01 
 5.01187234e+04 -6.77685177e+01  5.01187234e+04  1.45376458e+01 
 5.62341325e+04 -6.77132632e+01  5.62341325e+04  1.30509054e+01 
 6.30957344e+04 -6.76688994e+01  6.30957344e+04  1.17152778e+01 
 7.07945784e+04 -6.76333686e+01  7.07945784e+04  1.05192487e+01 
 7.94328235e+04 -6.76049723e+01  7.94328235e+04  9.45146914e+00 
 8.91250938e+04 -6.75823193e+01  8.91250938e+04  8.50104287e+00 
 1.00000000e+05 -6.75642772e+01  1.00000000e+05  7.65771352e+00 
 1.12201845e+05 -6.75499293e+01  1.12201845e+05  6.91197743e+00 
 1.25892541e+05 -6.75385373e+01  1.25892541e+05  6.25514242e+00 
 1.41253754e+05 -6.75295085e+01  1.41253754e+05  5.67934911e+00 
 1.58489319e+05 -6.75223695e+01  1.58489319e+05  5.17756720e+00 
 1.77827941e+05 -6.75167435e+01  1.77827941e+05  4.74357600e+00 
 1.99526231e+05 -6.75123321e+01  1.99526231e+05  4.37193614e+00 
 2.23872114e+05 -6.75088997e+01  2.23872114e+05  4.05795756e+00 
 2.51188643e+05 -6.75062620e+01  2.51188643e+05  3.79766773e+00 
 2.81838293e+05 -6.75042757e+01  2.81838293e+05  3.58778297e+00 
 3.16227766e+05 -6.75028305e+01  3.16227766e+05  3.42568521e+00 
 3.54813389e+05 -6.75018424e+01  3.54813389e+05  3.30940593e+00 
 3.98107171e+05 -6.75012481e+01  3.98107171e+05  3.23761894e+00 
 4.46683592e+05 -6.75009996e+01  4.46683592e+05  3.20964303e+00 
 5.01187234e+05 -6.75010588e+01  5.01187234e+05  3.22545557e+00 
 5.62341325e+05 -6.75013912e+01  5.62341325e+05  3.28571726e+00 
 6.30957344e+05 -6.75019582e+01  6.30957344e+05  3.39180744e+00 
 7.07945784e+05 -6.75027076e+01  7.07945784e+05  3.54586790e+00 
 7.94328235e+05 -6.75035594e+01  7.94328235e+05  3.75085063e+00 
 8.91250938e+05 -6.75043892e+01  8.91250938e+05  4.01056228e+00 
 1.00000000e+06 -6.75050063e+01  1.00000000e+06  4.32969470e+00 
 1.12201845e+06 -6.75051277e+01  1.12201845e+06  4.71382895e+00 
 1.25892541e+06 -6.75043493e+01  1.25892541e+06  5.16939992e+00 
 1.41253754e+06 -6.75021164e+01  1.41253754e+06  5.70361334e+00 
 1.58489319e+06 -6.74976962e+01  1.58489319e+06  6.32431550e+00 
 1.77827941e+06 -6.74901551e+01  1.77827941e+06  7.03982763e+00 
 1.99526231e+06 -6.74783409e+01  1.99526231e+06  7.85876608e+00 
 2.23872114e+06 -6.74608695e+01  2.23872114e+06  8.78986996e+00 
 2.51188643e+06 -6.74361094e+01  2.51188643e+06  9.84184521e+00 
 2.81838293e+06 -6.74021619e+01  2.81838293e+06  1.10232115e+01 
 3.16227766e+06 -6.73568298e+01  3.16227766e+06  1.23421116e+01 
 3.54813389e+06 -6.72975775e+01  3.54813389e+06  1.38060245e+01 
 3.98107171e+06 -6.72214857e+01  3.98107171e+06  1.54213208e+01 
 4.46683592e+06 -6.71252111e+01  4.46683592e+06  1.71926101e+01 
 5.01187234e+06 -6.70049673e+01  5.01187234e+06  1.91218600e+01 
 5.62341325e+06 -6.68565413e+01  5.62341325e+06  2.12073060e+01 
 6.30957344e+06 -6.66753669e+01  6.30957344e+06  2.34422208e+01 
 7.07945784e+06 -6.64566669e+01  7.07945784e+06  2.58136747e+01 
 7.94328235e+06 -6.61956748e+01  7.94328235e+06  2.83014730e+01 
 8.91250938e+06 -6.58879297e+01  8.91250938e+06  3.08775047e+01 
 1.00000000e+07 -6.55296237e+01  1.00000000e+07  3.35057333e+01 
 1.12201845e+07 -6.51179604e+01  1.12201845e+07  3.61429998e+01 
 1.25892541e+07 -6.46514716e+01  1.25892541e+07  3.87406729e+01 
 1.41253754e+07 -6.41302373e+01  1.41253754e+07  4.12470004e+01 
 1.58489319e+07 -6.35559700e+01  1.58489319e+07  4.36098449e+01 
 1.77827941e+07 -6.29319518e+01  1.77827941e+07  4.57793910e+01 
 1.99526231e+07 -6.22628443e+01  1.99526231e+07  4.77104281e+01 
 2.23872114e+07 -6.15544171e+01  2.23872114e+07  4.93639445e+01 
 2.51188643e+07 -6.08132503e+01  2.51188643e+07  5.07079495e+01 
 2.81838293e+07 -6.00464605e+01  2.81838293e+07  5.17176227e+01 
 3.16227766e+07 -5.92614833e+01  3.16227766e+07  5.23750036e+01 
 3.54813389e+07 -5.84659241e+01  3.54813389e+07  5.26684824e+01 
 3.98107171e+07 -5.76674705e+01  3.98107171e+07  5.25923299e+01 
 4.46683592e+07 -5.68738474e+01  4.46683592e+07  5.21464404e+01 
 5.01187234e+07 -5.60927851e+01  5.01187234e+07  5.13363784e+01 
 5.62341325e+07 -5.53319704e+01  5.62341325e+07  5.01737267e+01 
 6.30957344e+07 -5.45989532e+01  6.30957344e+07  4.86766401e+01 
 7.07945784e+07 -5.39009883e+01  7.07945784e+07  4.68704285e+01 
 7.94328235e+07 -5.32448068e+01  7.94328235e+07  4.47879261e+01 
 8.91250938e+07 -5.26363293e+01  8.91250938e+07  4.24693900e+01 
 1.00000000e+08 -5.20803544e+01  1.00000000e+08  3.99617140e+01 
 1.12201845e+08 -5.15802707e+01  1.12201845e+08  3.73168656e+01 
 1.25892541e+08 -5.11378472e+01  1.25892541e+08  3.45896232e+01 
 1.41253754e+08 -5.07531433e+01  1.41253754e+08  3.18348646e+01 
 1.58489319e+08 -5.04245610e+01  1.58489319e+08  2.91047694e+01 
 1.77827941e+08 -5.01490281e+01  1.77827941e+08  2.64463082e+01 
 1.99526231e+08 -4.99222827e+01  1.99526231e+08  2.38993006e+01 
 2.23872114e+08 -4.97392151e+01  2.23872114e+08  2.14951882e+01 
 2.51188643e+08 -4.95942269e+01  2.51188643e+08  1.92565357e+01 
 2.81838293e+08 -4.94815727e+01  2.81838293e+08  1.71971924e+01 
 3.16227766e+08 -4.93956628e+01  3.16227766e+08  1.53230042e+01 
 3.54813389e+08 -4.93313065e+01  3.54813389e+08  1.36329484e+01 
 3.98107171e+08 -4.92838855e+01  3.98107171e+08  1.21205465e+01 
 4.46683592e+08 -4.92494529e+01  4.46683592e+08  1.07753909e+01 
 5.01187234e+08 -4.92247597e+01  5.01187234e+08  9.58462352e+00 
 5.62341325e+08 -4.92072224e+01  5.62341325e+08  8.53422758e+00 
 6.30957344e+08 -4.91948508e+01  6.30957344e+08  7.61004838e+00 
 7.07945784e+08 -4.91861530e+01  7.07945784e+08  6.79851559e+00 
 7.94328235e+08 -4.91800366e+01  7.94328235e+08  6.08709062e+00 
 8.91250938e+08 -4.91757170e+01  8.91250938e+08  5.46449199e+00 
 1.00000000e+09 -4.91726388e+01  1.00000000e+09  4.92076136e+00 
 1.12201845e+09 -4.91704124e+01  1.12201845e+09  4.44722792e+00 
 1.25892541e+09 -4.91687656e+01  1.25892541e+09  4.03641695e+00 
 1.41253754e+09 -4.91675078e+01  1.41253754e+09  3.68193450e+00 
 1.58489319e+09 -4.91665039e+01  1.58489319e+09  3.37834841e+00 
 1.77827941e+09 -4.91656557e+01  1.77827941e+09  3.12107710e+00 
 1.99526231e+09 -4.91648889e+01  1.99526231e+09  2.90629127e+00 
 2.23872114e+09 -4.91641439e+01  2.23872114e+09  2.73083033e+00 
 2.51188643e+09 -4.91633691e+01  2.51188643e+09  2.59213327e+00 
 2.81838293e+09 -4.91625156e+01  2.81838293e+09  2.48818250e+00 
 3.16227766e+09 -4.91615332e+01  3.16227766e+09  2.41745921e+00 
 3.54813389e+09 -4.91603669e+01  3.54813389e+09  2.37890836e+00 
 3.98107171e+09 -4.91589533e+01  3.98107171e+09  2.37191189e+00 
 4.46683592e+09 -4.91572170e+01  4.46683592e+09  2.39626842e+00 
 5.01187234e+09 -4.91550664e+01  5.01187234e+09  2.45217810e+00 
 5.62341325e+09 -4.91523892e+01  5.62341325e+09  2.54023103e+00 
 6.30957344e+09 -4.91490468e+01  6.30957344e+09  2.66139769e+00 
 7.07945784e+09 -4.91448680e+01  7.07945784e+09  2.81701921e+00 
 7.94328235e+09 -4.91396407e+01  7.94328235e+09  3.00879534e+00 
 8.91250938e+09 -4.91331034e+01  8.91250938e+09  3.23876685e+00 
 1.00000000e+10 -4.91249341e+01  1.00000000e+10  3.50928861e+00 
 1.12201845e+10 -4.91147387e+01  1.12201845e+10  3.82298855e+00 
 1.25892541e+10 -4.91020377e+01  1.25892541e+10  4.18270670e+00 
 1.41253754e+10 -4.90862528e+01  1.41253754e+10  4.59140778e+00 
 1.58489319e+10 -4.90666936e+01  1.58489319e+10  5.05206057e+00 
 1.77827941e+10 -4.90425466e+01  1.77827941e+10  5.56747830e+00 
 1.99526231e+10 -4.90128691e+01  1.99526231e+10  6.14011757e+00 
 2.23872114e+10 -4.89765910e+01  2.23872114e+10  6.77183963e+00 
 2.51188643e+10 -4.89325273e+01  2.51188643e+10  7.46364831e+00 
 2.81838293e+10 -4.88794054e+01  2.81838293e+10  8.21543401e+00 
 3.16227766e+10 -4.88159091e+01  3.16227766e+10  9.02576940e+00 
 3.54813389e+10 -4.87407350e+01  3.54813389e+10  9.89181641e+00 
 3.98107171e+10 -4.86526555e+01  3.98107171e+10  1.08094037e+01 
 4.46683592e+10 -4.85505726e+01  4.46683592e+10  1.17733094e+01 
 5.01187234e+10 -4.84335432e+01  5.01187234e+10  1.27777257e+01 
 5.62341325e+10 -4.83007572e+01  5.62341325e+10  1.38167968e+01 
 6.30957344e+10 -4.81514598e+01  6.30957344e+10  1.48850363e+01 
 7.07945784e+10 -4.79848264e+01  7.07945784e+10  1.59773819e+01 
 7.94328235e+10 -4.77998251e+01  7.94328235e+10  1.70886916e+01 
 8.91250938e+10 -4.75951155e+01  8.91250938e+10  1.82126155e+01 
 1.00000000e+11 -4.73690406e+01  1.00000000e+11  1.93399843e+01 
 1.12201845e+11 -4.71197504e+01  1.12201845e+11  2.04570485e+01 
 1.25892541e+11 -4.68454703e+01  1.25892541e+11  2.15440298e+01 
 1.41253754e+11 -4.65448860e+01  1.41253754e+11  2.25744557e+01 
 1.58489319e+11 -4.62175885e+01  1.58489319e+11  2.35156394e+01 
 1.77827941e+11 -4.58644950e+01  1.77827941e+11  2.43304582e+01 
 1.99526231e+11 -4.54881586e+01  1.99526231e+11  2.49803265e+01 
 2.23872114e+11 -4.50928912e+01  2.23872114e+11  2.54289917e+01 
 2.51188643e+11 -4.46846530e+01  2.51188643e+11  2.56465837e+01 
 2.81838293e+11 -4.42707076e+01  2.81838293e+11  2.56132563e+01 
 3.16227766e+11 -4.38590819e+01  3.16227766e+11  2.53218061e+01 
 3.54813389e+11 -4.34579102e+01  3.54813389e+11  2.47788247e+01 
 3.98107171e+11 -4.30747589e+01  3.98107171e+11  2.40042007e+01 
 4.46683592e+11 -4.27160342e+01  4.46683592e+11  2.30290766e+01 
 5.01187234e+11 -4.23865543e+01  5.01187234e+11  2.18926376e+01 
 5.62341325e+11 -4.20893358e+01  5.62341325e+11  2.06382899e+01 
 6.30957344e+11 -4.18255988e+01  6.30957344e+11  1.93098475e+01 
 7.07945784e+11 -4.15949586e+01  7.07945784e+11  1.79482588e+01 
 7.94328235e+11 -4.13957421e+01  7.94328235e+11  1.65892215e+01 
 8.91250938e+11 -4.12253589e+01  8.91250938e+11  1.52618028e+01 
 1.00000000e+12 -4.10806688e+01  1.00000000e+12  1.39879828e+01 
