 0.00000000e+00  1.73358364e+00 
 1.00000000e-11  1.73358402e+00 
 2.00000000e-11  1.73358435e+00 
 4.00000000e-11  1.73358498e+00 
 8.00000000e-11  1.73358619e+00 
 1.60000000e-10  1.73358864e+00 
 3.20000000e-10  1.73359353e+00 
 6.40000000e-10  1.73360331e+00 
 1.28000000e-09  1.73362285e+00 
 2.28000000e-09  1.73365337e+00 
 3.28000000e-09  1.73368384e+00 
 4.28000000e-09  1.73371429e+00 
 5.28000000e-09  1.73374470e+00 
 6.28000000e-09  1.73377508e+00 
 7.28000000e-09  1.73380541e+00 
 8.28000000e-09  1.73383573e+00 
 9.28000000e-09  1.73386599e+00 
 1.00000000e-08  1.73388777e+00 
 1.01000000e-08  1.73393220e+00 
 1.03000000e-08  1.73402043e+00 
 1.07000000e-08  1.73419631e+00 
 1.10000000e-08  1.73432773e+00 
 1.10800000e-08  1.73432968e+00 
 1.12400000e-08  1.73433410e+00 
 1.15600000e-08  1.73434297e+00 
 1.22000000e-08  1.73436066e+00 
 1.32000000e-08  1.73438830e+00 
 1.42000000e-08  1.73441588e+00 
 1.52000000e-08  1.73444345e+00 
 1.62000000e-08  1.73447097e+00 
 1.72000000e-08  1.73449848e+00 
 1.82000000e-08  1.73452593e+00 
 1.92000000e-08  1.73455336e+00 
 2.02000000e-08  1.73458075e+00 
 2.12000000e-08  1.73460812e+00 
 2.22000000e-08  1.73463543e+00 
 2.32000000e-08  1.73466274e+00 
 2.42000000e-08  1.73468999e+00 
 2.52000000e-08  1.73471722e+00 
 2.62000000e-08  1.73474440e+00 
 2.72000000e-08  1.73477157e+00 
 2.82000000e-08  1.73479868e+00 
 2.92000000e-08  1.73482578e+00 
 3.02000000e-08  1.73485283e+00 
 3.12000000e-08  1.73487986e+00 
 3.22000000e-08  1.73490684e+00 
 3.32000000e-08  1.73493380e+00 
 3.42000000e-08  1.73496071e+00 
 3.52000000e-08  1.73498761e+00 
 3.62000000e-08  1.73501445e+00 
 3.72000000e-08  1.73504128e+00 
 3.82000000e-08  1.73506805e+00 
 3.92000000e-08  1.73509481e+00 
 4.02000000e-08  1.73512152e+00 
 4.12000000e-08  1.73514821e+00 
 4.22000000e-08  1.73517485e+00 
 4.32000000e-08  1.73520147e+00 
 4.42000000e-08  1.73522804e+00 
 4.52000000e-08  1.73525459e+00 
 4.62000000e-08  1.73528109e+00 
 4.72000000e-08  1.73530758e+00 
 4.82000000e-08  1.73533401e+00 
 4.92000000e-08  1.73536043e+00 
 5.02000000e-08  1.73538679e+00 
 5.12000000e-08  1.73541314e+00 
 5.22000000e-08  1.73543944e+00 
 5.32000000e-08  1.73546572e+00 
 5.42000000e-08  1.73549195e+00 
 5.52000000e-08  1.73551815e+00 
 5.62000000e-08  1.73554431e+00 
 5.72000000e-08  1.73557045e+00 
 5.82000000e-08  1.73559655e+00 
 5.92000000e-08  1.73562262e+00 
 6.02000000e-08  1.73564864e+00 
 6.12000000e-08  1.73567464e+00 
 6.22000000e-08  1.73570060e+00 
 6.32000000e-08  1.73572653e+00 
 6.42000000e-08  1.73575241e+00 
 6.52000000e-08  1.73577828e+00 
 6.62000000e-08  1.73580409e+00 
 6.72000000e-08  1.73582989e+00 
 6.82000000e-08  1.73585563e+00 
 6.92000000e-08  1.73588136e+00 
 7.02000000e-08  1.73590703e+00 
 7.12000000e-08  1.73593269e+00 
 7.22000000e-08  1.73595830e+00 
 7.32000000e-08  1.73598388e+00 
 7.42000000e-08  1.73600942e+00 
 7.52000000e-08  1.73603494e+00 
 7.62000000e-08  1.73606041e+00 
 7.72000000e-08  1.73608585e+00 
 7.82000000e-08  1.73611125e+00 
 7.92000000e-08  1.73613663e+00 
 8.02000000e-08  1.73616196e+00 
 8.12000000e-08  1.73618726e+00 
 8.22000000e-08  1.73621252e+00 
 8.32000000e-08  1.73623776e+00 
 8.42000000e-08  1.73626295e+00 
 8.52000000e-08  1.73628812e+00 
 8.62000000e-08  1.73631324e+00 
 8.72000000e-08  1.73633833e+00 
 8.82000000e-08  1.73636338e+00 
 8.92000000e-08  1.73638841e+00 
 9.02000000e-08  1.73641339e+00 
 9.12000000e-08  1.73643834e+00 
 9.22000000e-08  1.73646325e+00 
 9.32000000e-08  1.73648814e+00 
 9.42000000e-08  1.73651298e+00 
 9.52000000e-08  1.73653779e+00 
 9.62000000e-08  1.73656256e+00 
 9.72000000e-08  1.73658731e+00 
 9.82000000e-08  1.73661200e+00 
 9.92000000e-08  1.73663668e+00 
 1.00200000e-07  1.73666130e+00 
 1.01200000e-07  1.73668591e+00 
 1.02200000e-07  1.73671046e+00 
 1.03200000e-07  1.73673500e+00 
 1.04200000e-07  1.73675948e+00 
 1.05200000e-07  1.73678394e+00 
 1.06200000e-07  1.73680836e+00 
 1.07200000e-07  1.73683275e+00 
 1.08200000e-07  1.73685709e+00 
 1.09200000e-07  1.73688141e+00 
 1.10200000e-07  1.73690569e+00 
 1.11000000e-07  1.73692509e+00 
 1.11100000e-07  1.73688616e+00 
 1.11300000e-07  1.73680877e+00 
 1.11700000e-07  1.73665405e+00 
 1.12000000e-07  1.73653807e+00 
 1.12080000e-07  1.73654048e+00 
 1.12240000e-07  1.73654479e+00 
 1.12560000e-07  1.73655337e+00 
 1.13200000e-07  1.73657056e+00 
 1.14200000e-07  1.73659736e+00 
 1.15200000e-07  1.73662414e+00 
 1.16200000e-07  1.73665087e+00 
 1.17200000e-07  1.73667758e+00 
 1.18200000e-07  1.73670423e+00 
 1.19200000e-07  1.73673086e+00 
 1.20200000e-07  1.73675744e+00 
 1.21200000e-07  1.73678401e+00 
 1.22200000e-07  1.73681051e+00 
 1.23200000e-07  1.73683700e+00 
 1.24200000e-07  1.73686343e+00 
 1.25200000e-07  1.73688985e+00 
 1.26200000e-07  1.73691620e+00 
 1.27200000e-07  1.73694254e+00 
 1.28200000e-07  1.73696883e+00 
 1.29200000e-07  1.73699510e+00 
 1.30200000e-07  1.73702131e+00 
 1.31200000e-07  1.73704750e+00 
 1.32200000e-07  1.73707364e+00 
 1.33200000e-07  1.73709975e+00 
 1.34200000e-07  1.73712582e+00 
 1.35200000e-07  1.73715186e+00 
 1.36200000e-07  1.73717785e+00 
 1.37200000e-07  1.73720382e+00 
 1.38200000e-07  1.73722973e+00 
 1.39200000e-07  1.73725563e+00 
 1.40200000e-07  1.73728147e+00 
 1.41200000e-07  1.73730729e+00 
 1.42200000e-07  1.73733305e+00 
 1.43200000e-07  1.73735880e+00 
 1.44200000e-07  1.73738449e+00 
 1.45200000e-07  1.73741016e+00 
 1.46200000e-07  1.73743578e+00 
 1.47200000e-07  1.73746137e+00 
 1.48200000e-07  1.73748692e+00 
 1.49200000e-07  1.73751244e+00 
 1.50200000e-07  1.73753790e+00 
 1.51200000e-07  1.73756335e+00 
 1.52200000e-07  1.73758874e+00 
 1.53200000e-07  1.73761411e+00 
 1.54200000e-07  1.73763943e+00 
 1.55200000e-07  1.73766472e+00 
 1.56200000e-07  1.73768997e+00 
 1.57200000e-07  1.73771519e+00 
 1.58200000e-07  1.73774035e+00 
 1.59200000e-07  1.73776550e+00 
 1.60200000e-07  1.73779059e+00 
 1.61200000e-07  1.73781566e+00 
 1.62200000e-07  1.73784068e+00 
 1.63200000e-07  1.73786567e+00 
 1.64200000e-07  1.73789061e+00 
 1.65200000e-07  1.73791553e+00 
 1.66200000e-07  1.73794039e+00 
 1.67200000e-07  1.73796524e+00 
 1.68200000e-07  1.73799003e+00 
 1.69200000e-07  1.73801479e+00 
 1.70200000e-07  1.73803951e+00 
 1.71200000e-07  1.73806420e+00 
 1.72200000e-07  1.73808883e+00 
 1.73200000e-07  1.73811345e+00 
 1.74200000e-07  1.73813801e+00 
 1.75200000e-07  1.73816255e+00 
 1.76200000e-07  1.73818703e+00 
 1.77200000e-07  1.73821149e+00 
 1.78200000e-07  1.73823590e+00 
 1.79200000e-07  1.73826029e+00 
 1.80200000e-07  1.73828462e+00 
 1.81200000e-07  1.73830893e+00 
 1.82200000e-07  1.73833319e+00 
 1.83200000e-07  1.73835742e+00 
 1.84200000e-07  1.73838160e+00 
 1.85200000e-07  1.73840576e+00 
 1.86200000e-07  1.73842986e+00 
 1.87200000e-07  1.73845394e+00 
 1.88200000e-07  1.73847797e+00 
 1.89200000e-07  1.73850197e+00 
 1.90200000e-07  1.73852592e+00 
 1.91200000e-07  1.73854984e+00 
 1.92200000e-07  1.73857372e+00 
 1.93200000e-07  1.73859756e+00 
 1.94200000e-07  1.73862136e+00 
 1.95200000e-07  1.73864513e+00 
 1.96200000e-07  1.73866885e+00 
 1.97200000e-07  1.73869255e+00 
 1.98200000e-07  1.73871619e+00 
 1.99200000e-07  1.73873980e+00 
 2.00200000e-07  1.73876337e+00 
 2.01200000e-07  1.73878691e+00 
 2.02200000e-07  1.73881040e+00 
 2.03200000e-07  1.73883386e+00 
 2.04200000e-07  1.73885727e+00 
 2.05200000e-07  1.73888065e+00 
 2.06200000e-07  1.73890398e+00 
 2.07200000e-07  1.73892729e+00 
 2.08200000e-07  1.73895054e+00 
 2.09200000e-07  1.73897377e+00 
 2.10000000e-07  1.73899232e+00 
 2.10100000e-07  1.73903636e+00 
 2.10300000e-07  1.73912382e+00 
 2.10700000e-07  1.73929812e+00 
 2.11000000e-07  1.73942830e+00 
 2.11080000e-07  1.73942965e+00 
 2.11240000e-07  1.73943288e+00 
 2.11560000e-07  1.73943938e+00 
 2.12200000e-07  1.73945232e+00 
 2.13200000e-07  1.73947254e+00 
 2.14200000e-07  1.73949270e+00 
 2.15200000e-07  1.73951285e+00 
 2.16200000e-07  1.73953293e+00 
 2.17200000e-07  1.73955300e+00 
 2.18200000e-07  1.73957301e+00 
 2.19200000e-07  1.73959300e+00 
 2.20200000e-07  1.73961294e+00 
 2.21200000e-07  1.73963285e+00 
 2.22200000e-07  1.73965271e+00 
 2.23200000e-07  1.73967255e+00 
 2.24200000e-07  1.73969233e+00 
 2.25200000e-07  1.73971209e+00 
 2.26200000e-07  1.73973180e+00 
 2.27200000e-07  1.73975148e+00 
 2.28200000e-07  1.73977111e+00 
 2.29200000e-07  1.73979072e+00 
 2.30200000e-07  1.73981027e+00 
 2.31200000e-07  1.73982981e+00 
 2.32200000e-07  1.73984928e+00 
 2.33200000e-07  1.73986874e+00 
 2.34200000e-07  1.73988814e+00 
 2.35200000e-07  1.73990752e+00 
 2.36200000e-07  1.73992684e+00 
 2.37200000e-07  1.73994614e+00 
 2.38200000e-07  1.73996539e+00 
 2.39200000e-07  1.73998461e+00 
 2.40200000e-07  1.74000378e+00 
 2.41200000e-07  1.74002293e+00 
 2.42200000e-07  1.74004202e+00 
 2.43200000e-07  1.74006109e+00 
 2.44200000e-07  1.74008010e+00 
 2.45200000e-07  1.74009910e+00 
 2.46200000e-07  1.74011804e+00 
 2.47200000e-07  1.74013695e+00 
 2.48200000e-07  1.74015581e+00 
 2.49200000e-07  1.74017465e+00 
 2.50200000e-07  1.74019343e+00 
 2.51200000e-07  1.74021219e+00 
 2.52200000e-07  1.74023090e+00 
 2.53200000e-07  1.74024958e+00 
 2.54200000e-07  1.74026821e+00 
 2.55200000e-07  1.74028681e+00 
 2.56200000e-07  1.74030537e+00 
 2.57200000e-07  1.74032389e+00 
 2.58200000e-07  1.74034237e+00 
 2.59200000e-07  1.74036081e+00 
 2.60200000e-07  1.74037921e+00 
 2.61200000e-07  1.74039758e+00 
 2.62200000e-07  1.74041590e+00 
 2.63200000e-07  1.74043419e+00 
 2.64200000e-07  1.74045243e+00 
 2.65200000e-07  1.74047064e+00 
 2.66200000e-07  1.74048880e+00 
 2.67200000e-07  1.74050694e+00 
 2.68200000e-07  1.74052502e+00 
 2.69200000e-07  1.74054308e+00 
 2.70200000e-07  1.74056109e+00 
 2.71200000e-07  1.74057906e+00 
 2.72200000e-07  1.74059699e+00 
 2.73200000e-07  1.74061489e+00 
 2.74200000e-07  1.74063274e+00 
 2.75200000e-07  1.74065056e+00 
 2.76200000e-07  1.74066833e+00 
 2.77200000e-07  1.74068607e+00 
 2.78200000e-07  1.74070376e+00 
 2.79200000e-07  1.74072143e+00 
 2.80200000e-07  1.74073904e+00 
 2.81200000e-07  1.74075662e+00 
 2.82200000e-07  1.74077416e+00 
 2.83200000e-07  1.74079166e+00 
 2.84200000e-07  1.74080912e+00 
 2.85200000e-07  1.74082654e+00 
 2.86200000e-07  1.74084392e+00 
 2.87200000e-07  1.74086127e+00 
 2.88200000e-07  1.74087856e+00 
 2.89200000e-07  1.74089583e+00 
 2.90200000e-07  1.74091305e+00 
 2.91200000e-07  1.74093023e+00 
 2.92200000e-07  1.74094737e+00 
 2.93200000e-07  1.74096448e+00 
 2.94200000e-07  1.74098154e+00 
 2.95200000e-07  1.74099857e+00 
 2.96200000e-07  1.74101555e+00 
 2.97200000e-07  1.74103250e+00 
 2.98200000e-07  1.74104939e+00 
 2.99200000e-07  1.74106626e+00 
 3.00000000e-07  1.74107972e+00 
