 1.00000000e+00 -1.35710474e+02  1.00000000e+00  1.24645553e+01 
 1.12201845e+00 -1.35658362e+02  1.12201845e+00  1.39292141e+01 
 1.25892541e+00 -1.35593634e+02  1.25892541e+00  1.55506612e+01 
 1.41253754e+00 -1.35513495e+02  1.41253754e+00  1.73399030e+01 
 1.58489319e+00 -1.35414664e+02  1.58489319e+00  1.93065726e+01 
 1.77827941e+00 -1.35293358e+02  1.77827941e+00  2.14580489e+01 
 1.99526231e+00 -1.35145309e+02  1.99526231e+00  2.37984025e+01 
 2.23872114e+00 -1.34965827e+02  2.23872114e+00  2.63272205e+01 
 2.51188643e+00 -1.34749934e+02  2.51188643e+00  2.90384130e+01 
 2.81838293e+00 -1.34492565e+02  2.81838293e+00  3.19191670e+01 
 3.16227766e+00 -1.34188843e+02  3.16227766e+00  3.49492599e+01 
 3.54813389e+00 -1.33834407e+02  3.54813389e+00  3.81009653e+01 
 3.98107171e+00 -1.33425765e+02  3.98107171e+00  4.13397348e+01 
 4.46683592e+00 -1.32960602e+02  4.46683592e+00  4.46257260e+01 
 5.01187234e+00 -1.32438009e+02  5.01187234e+00  4.79160693e+01 
 5.62341325e+00 -1.31858578e+02  5.62341325e+00  5.11675905e+01 
 6.30957344e+00 -1.31224337e+02  6.30957344e+00  5.43395780e+01 
 7.07945784e+00 -1.30538552e+02  7.07945784e+00  5.73961770e+01 
 7.94328235e+00 -1.29805427e+02  7.94328235e+00  6.03080904e+01 
 8.91250938e+00 -1.29029758e+02  8.91250938e+00  6.30534405e+01 
 1.00000000e+01 -1.28216594e+02  1.00000000e+01  6.56178272e+01 
 1.12201845e+01 -1.27370954e+02  1.12201845e+01  6.79937487e+01 
 1.25892541e+01 -1.26497600e+02  1.25892541e+01  7.01796124e+01 
 1.41253754e+01 -1.25600900e+02  1.41253754e+01  7.21785559e+01 
 1.58489319e+01 -1.24684741e+02  1.58489319e+01  7.39972563e+01 
 1.77827941e+01 -1.23752513e+02  1.77827941e+01  7.56448432e+01 
 1.99526231e+01 -1.22807111e+02  1.99526231e+01  7.71319775e+01 
 2.23872114e+01 -1.21850975e+02  2.23872114e+01  7.84701140e+01 
 2.51188643e+01 -1.20886138e+02  2.51188643e+01  7.96709424e+01 
 2.81838293e+01 -1.19914274e+02  2.81838293e+01  8.07459808e+01 
 3.16227766e+01 -1.18936757e+02  3.16227766e+01  8.17062979e+01 
 3.54813389e+01 -1.17954703e+02  3.54813389e+01  8.25623328e+01 
 3.98107171e+01 -1.16969014e+02  3.98107171e+01  8.33237903e+01 
 4.46683592e+01 -1.15980420e+02  4.46683592e+01  8.39995901e+01 
 5.01187234e+01 -1.14989508e+02  5.01187234e+01  8.45978535e+01 
 5.62341325e+01 -1.13996748e+02  5.62341325e+01  8.51259158e+01 
 6.30957344e+01 -1.13002517e+02  6.30957344e+01  8.55903546e+01 
 7.07945784e+01 -1.12007117e+02  7.07945784e+01  8.59970271e+01 
 7.94328235e+01 -1.11010790e+02  7.94328235e+01  8.63511128e+01 
 8.91250938e+01 -1.10013729e+02  8.91250938e+01  8.66571562e+01 
 1.00000000e+02 -1.09016089e+02  1.00000000e+02  8.69191092e+01 
 1.12201845e+02 -1.08017995e+02  1.12201845e+02  8.71403706e+01 
 1.25892541e+02 -1.07019549e+02  1.25892541e+02  8.73238220e+01 
 1.41253754e+02 -1.06020831e+02  1.41253754e+02  8.74718594e+01 
 1.58489319e+02 -1.05021912e+02  1.58489319e+02  8.75864206e+01 
 1.77827941e+02 -1.04022847e+02  1.77827941e+02  8.76690078e+01 
 1.99526231e+02 -1.03023686e+02  1.99526231e+02  8.77207050e+01 
 2.23872114e+02 -1.02024476e+02  2.23872114e+02  8.77421915e+01 
 2.51188643e+02 -1.01025256e+02  2.51188643e+02  8.77337497e+01 
 2.81838293e+02 -1.00026069e+02  2.81838293e+02  8.76952686e+01 
 3.16227766e+02 -9.90269578e+01  3.16227766e+02  8.76262427e+01 
 3.54813389e+02 -9.80279700e+01  3.54813389e+02  8.75257654e+01 
 3.98107171e+02 -9.70291592e+01  3.98107171e+02  8.73925187e+01 
 4.46683592e+02 -9.60305886e+01  4.46683592e+02  8.72247572e+01 
 5.01187234e+02 -9.50323339e+01  5.01187234e+02  8.70202874e+01 
 5.62341325e+02 -9.40344878e+01  5.62341325e+02  8.67764432e+01 
 6.30957344e+02 -9.30371642e+01  6.30957344e+02  8.64900554e+01 
 7.07945784e+02 -9.20405045e+01  7.07945784e+02  8.61574181e+01 
 7.94328235e+02 -9.10446848e+01  7.94328235e+02  8.57742505e+01 
 8.91250938e+02 -9.00499250e+01  8.91250938e+02  8.53356557e+01 
 1.00000000e+03 -8.90564996e+01  1.00000000e+03  8.48360781e+01 
 1.12201845e+03 -8.80647519e+01  1.12201845e+03  8.42692603e+01 
 1.25892541e+03 -8.70751102e+01  1.25892541e+03  8.36282035e+01 
 1.41253754e+03 -8.60881089e+01  1.41253754e+03  8.29051344e+01 
 1.58489319e+03 -8.51044130e+01  1.58489319e+03  8.20914855e+01 
 1.77827941e+03 -8.41248477e+01  1.77827941e+03  8.11778963e+01 
 1.99526231e+03 -8.31504342e+01  1.99526231e+03  8.01542467e+01 
 2.23872114e+03 -8.21824303e+01  2.23872114e+03  7.90097367e+01 
 2.51188643e+03 -8.12223766e+01  2.51188643e+03  7.77330320e+01 
 2.81838293e+03 -8.02721476e+01  2.81838293e+03  7.63124977e+01 
 3.16227766e+03 -7.93340039e+01  3.16227766e+03  7.47365468e+01 
 3.54813389e+03 -7.84106432e+01  3.54813389e+03  7.29941316e+01 
 3.98107171e+03 -7.75052413e+01  3.98107171e+03  7.10754042e+01 
 4.46683592e+03 -7.66214754e+01  4.46683592e+03  6.89725601e+01 
 5.01187234e+03 -7.57635157e+01  5.01187234e+03  6.66808605e+01 
 5.62341325e+03 -7.49359707e+01  5.62341325e+03  6.41997899e+01 
 6.30957344e+03 -7.41437721e+01  6.30957344e+03  6.15342592e+01 
 7.07945784e+03 -7.33919871e+01  7.07945784e+03  5.86957006e+01 
 7.94328235e+03 -7.26855582e+01  7.94328235e+03  5.57028505e+01 
 8.91250938e+03 -7.20289823e+01  8.91250938e+03  5.25819880e+01 
 1.00000000e+04 -7.14259632e+01  1.00000000e+04  4.93664276e+01 
 1.12201845e+04 -7.08790853e+01  1.12201845e+04  4.60951692e+01 
 1.25892541e+04 -7.03895644e+01  1.25892541e+04  4.28107685e+01 
 1.41253754e+04 -6.99571243e+01  1.41253754e+04  3.95566818e+01 
 1.58489319e+04 -6.95800253e+01  1.58489319e+04  3.63744718e+01 
 1.77827941e+04 -6.92552377e+01  1.77827941e+04  3.33013048e+01 
 1.99526231e+04 -6.89787253e+01  1.99526231e+04  3.03680868e+01 
 2.23872114e+04 -6.87457863e+01  2.23872114e+04  2.75984235e+01 
 2.51188643e+04 -6.85513957e+01  2.51188643e+04  2.50084040e+01 
 2.81838293e+04 -6.83905070e+01  2.81838293e+04  2.26070658e+01 
 3.16227766e+04 -6.82582866e+01  3.16227766e+04  2.03973180e+01 
 3.54813389e+04 -6.81502744e+01  3.54813389e+04  1.83770992e+01 
 3.98107171e+04 -6.80624759e+01  3.98107171e+04  1.65405805e+01 
 4.46683592e+04 -6.79913980e+01  4.46683592e+04  1.48792846e+01 
 5.01187234e+04 -6.79340446e+01  5.01187234e+04  1.33830504e+01 
 5.62341325e+04 -6.78878861e+01  5.62341325e+04  1.20408149e+01 
 6.30957344e+04 -6.78508129e+01  6.30957344e+04  1.08412171e+01 
 7.07945784e+04 -6.78210842e+01  7.07945784e+04  9.77304128e+00 
 7.94328235e+04 -6.77972745e+01  7.94328235e+04  8.82552835e+00 
 8.91250938e+04 -6.77782240e+01  8.91250938e+04  7.98858144e+00 
 1.00000000e+05 -6.77629933e+01  1.00000000e+05  7.25289086e+00 
 1.12201845e+05 -6.77508243e+01  1.12201845e+05  6.61000042e+00 
 1.25892541e+05 -6.77411064e+01  1.25892541e+05  6.05233287e+00 
 1.41253754e+05 -6.77333486e+01  1.41253754e+05  5.57318866e+00 
 1.58489319e+05 -6.77271562e+01  1.58489319e+05  5.16672879e+00 
 1.77827941e+05 -6.77222121e+01  1.77827941e+05  4.82794983e+00 
 1.99526231e+05 -6.77182612e+01  1.99526231e+05  4.55265685e+00 
 2.23872114e+05 -6.77150978e+01  2.23872114e+05  4.33743805e+00 
 2.51188643e+05 -6.77125552e+01  2.51188643e+05  4.17964416e+00 
 2.81838293e+05 -6.77104970e+01  2.81838293e+05  4.07737458e+00 
 3.16227766e+05 -6.77088094e+01  3.16227766e+05  4.02947211e+00 
 3.54813389e+05 -6.77073942e+01  3.54813389e+05  4.03552780e+00 
 3.98107171e+05 -6.77061621e+01  3.98107171e+05  4.09589730e+00 
 4.46683592e+05 -6.77050252e+01  4.46683592e+05  4.21173005e+00 
 5.01187234e+05 -6.77038887e+01  5.01187234e+05  4.38501233e+00 
 5.62341325e+05 -6.77026392e+01  5.62341325e+05  4.61862416e+00 
 6.30957344e+05 -6.77011312e+01  6.30957344e+05  4.91640881e+00 
 7.07945784e+05 -6.76991667e+01  7.07945784e+05  5.28325103e+00 
 7.94328235e+05 -6.76964699e+01  7.94328235e+05  5.72515574e+00 
 8.91250938e+05 -6.76926520e+01  8.91250938e+05  6.24931356e+00 
 1.00000000e+06 -6.76871677e+01  1.00000000e+06  6.86413220e+00 
 1.12201845e+06 -6.76792610e+01  1.12201845e+06  7.57920559e+00 
 1.25892541e+06 -6.76679036e+01  1.25892541e+06  8.40518790e+00 
 1.41253754e+06 -6.76517284e+01  1.41253754e+06  9.35354033e+00 
 1.58489319e+06 -6.76289654e+01  1.58489319e+06  1.04361285e+01 
 1.77827941e+06 -6.75973874e+01  1.77827941e+06  1.16646661e+01 
 1.99526231e+06 -6.75542732e+01  1.99526231e+06  1.30500230e+01 
 2.23872114e+06 -6.74963934e+01  2.23872114e+06  1.46014339e+01 
 2.51188643e+06 -6.74200214e+01  2.51188643e+06  1.63256423e+01 
 2.81838293e+06 -6.73209699e+01  2.81838293e+06  1.82260076e+01 
 3.16227766e+06 -6.71946547e+01  3.16227766e+06  2.03015783e+01 
 3.54813389e+06 -6.70361918e+01  3.54813389e+06  2.25461393e+01 
 3.98107171e+06 -6.68405383e+01  3.98107171e+06  2.49472675e+01 
 4.46683592e+06 -6.66026889e+01  4.46683592e+06  2.74854930e+01 
 5.01187234e+06 -6.63179336e+01  5.01187234e+06  3.01337358e+01 
 5.62341325e+06 -6.59821670e+01  5.62341325e+06  3.28572316e+01 
 6.30957344e+06 -6.55922211e+01  6.30957344e+06  3.56141461e+01 
 7.07945784e+06 -6.51461751e+01  7.07945784e+06  3.83569770e+01 
 7.94328235e+06 -6.46435895e+01  7.94328235e+06  4.10346770e+01 
 8.91250938e+06 -6.40856181e+01  8.91250938e+06  4.35952484e+01 
 1.00000000e+07 -6.34749765e+01  1.00000000e+07  4.59884256e+01 
 1.12201845e+07 -6.28157767e+01  1.12201845e+07  4.81680393e+01 
 1.25892541e+07 -6.21132667e+01  1.25892541e+07  5.00937449e+01 
 1.41253754e+07 -6.13735269e+01  1.41253754e+07  5.17319703e+01 
 1.58489319e+07 -6.06031794e+01  1.58489319e+07  5.30561216e+01 
 1.77827941e+07 -5.98091466e+01  1.77827941e+07  5.40462267e+01 
 1.99526231e+07 -5.89984837e+01  1.99526231e+07  5.46882662e+01 
 2.23872114e+07 -5.81782835e+01  2.23872114e+07  5.49734425e+01 
 2.51188643e+07 -5.73556427e+01  2.51188643e+07  5.48975947e+01 
 2.81838293e+07 -5.65376667e+01  2.81838293e+07  5.44609020e+01 
 3.16227766e+07 -5.57314851e+01  3.16227766e+07  5.36679411e+01 
 3.54813389e+07 -5.49442510e+01  3.54813389e+07  5.25280942e+01 
 3.98107171e+07 -5.41830951e+01  3.98107171e+07  5.10562254e+01 
 4.46683592e+07 -5.34550148e+01  4.46683592e+07  4.92734736e+01 
 5.01187234e+07 -5.27666875e+01  5.01187234e+07  4.72079427e+01 
 5.62341325e+07 -5.21242105e+01  5.62341325e+07  4.48950344e+01 
 6.30957344e+07 -5.15327932e+01  6.30957344e+07  4.23771766e+01 
 7.07945784e+07 -5.09964417e+01  7.07945784e+07  3.97027841e+01 
 7.94328235e+07 -5.05176915e+01  7.94328235e+07  3.69244288e+01 
 8.91250938e+07 -5.00974371e+01  8.91250938e+07  3.40963830e+01 
 1.00000000e+08 -4.97348967e+01  1.00000000e+08  3.12718448e+01 
 1.12201845e+08 -4.94277167e+01  1.12201845e+08  2.85002333e+01 
 1.25892541e+08 -4.91721996e+01  1.25892541e+08  2.58248971e+01 
 1.41253754e+08 -4.89636143e+01  1.41253754e+08  2.32814695e+01 
 1.58489319e+08 -4.87965481e+01  1.58489319e+08  2.08969547e+01 
 1.77827941e+08 -4.86652598e+01  1.77827941e+08  1.86895219e+01 
 1.99526231e+08 -4.85640059e+01  1.99526231e+08  1.66689159e+01 
 2.23872114e+08 -4.84873181e+01  2.23872114e+08  1.48373667e+01 
 2.51188643e+08 -4.84302168e+01  2.51188643e+08  1.31908625e+01 
 2.81838293e+08 -4.83883509e+01  2.81838293e+08  1.17206302e+01 
 3.16227766e+08 -4.83580635e+01  3.16227766e+08  1.04146568e+01 
 3.54813389e+08 -4.83363903e+01  3.54813389e+08  9.25909744e+00 
 3.98107171e+08 -4.83210067e+01  3.98107171e+08  8.23945107e+00 
 4.46683592e+08 -4.83101429e+01  4.46683592e+08  7.34144700e+00 
 5.01187234e+08 -4.83024856e+01  5.01187234e+08  6.55163782e+00 
 5.62341325e+08 -4.82970808e+01  5.62341325e+08  5.85773874e+00 
 6.30957344e+08 -4.82932475e+01  6.30957344e+08  5.24877256e+00 
 7.07945784e+08 -4.82905056e+01  7.07945784e+08  4.71508199e+00 
 7.94328235e+08 -4.82885193e+01  7.94328235e+08  4.24826218e+00 
 8.91250938e+08 -4.82870547e+01  8.91250938e+08  3.84105301e+00 
 1.00000000e+09 -4.82859482e+01  1.00000000e+09  3.48721759e+00 
 1.12201845e+09 -4.82850846e+01  1.12201845e+09  3.18142285e+00 
 1.25892541e+09 -4.82843811e+01  1.25892541e+09  2.91913065e+00 
 1.41253754e+09 -4.82837762e+01  1.41253754e+09  2.69650275e+00 
 1.58489319e+09 -4.82832224e+01  1.58489319e+09  2.51032040e+00 
 1.77827941e+09 -4.82826803e+01  1.77827941e+09  2.35791770e+00 
 1.99526231e+09 -4.82821147e+01  1.99526231e+09  2.23712736e+00 
 2.23872114e+09 -4.82814916e+01  2.23872114e+09  2.14623709e+00 
 2.51188643e+09 -4.82807753e+01  2.51188643e+09  2.08395521e+00 
 2.81838293e+09 -4.82799263e+01  2.81838293e+09  2.04938415e+00 
 3.16227766e+09 -4.82788986e+01  3.16227766e+09  2.04200041e+00 
 3.54813389e+09 -4.82776375e+01  3.54813389e+09  2.06164023e+00 
 3.98107171e+09 -4.82760761e+01  3.98107171e+09  2.10848966e+00 
 4.46683592e+09 -4.82741325e+01  4.46683592e+09  2.18307837e+00 
 5.01187234e+09 -4.82717052e+01  5.01187234e+09  2.28627590e+00 
 5.62341325e+09 -4.82686682e+01  5.62341325e+09  2.41928927e+00 
 6.30957344e+09 -4.82648650e+01  6.30957344e+09  2.58366034e+00 
 7.07945784e+09 -4.82601015e+01  7.07945784e+09  2.78126102e+00 
 7.94328235e+09 -4.82541373e+01  7.94328235e+09  3.01428361e+00 
 8.91250938e+09 -4.82466755e+01  8.91250938e+09  3.28522306e+00 
 1.00000000e+10 -4.82373513e+01  1.00000000e+10  3.59684657e+00 
 1.12201845e+10 -4.82257185e+01  1.12201845e+10  3.95214533e+00 
 1.25892541e+10 -4.82112359e+01  1.25892541e+10  4.35426167e+00 
 1.41253754e+10 -4.81932527e+01  1.41253754e+10  4.80638446e+00 
 1.58489319e+10 -4.81709956e+01  1.58489319e+10  5.31160558e+00 
 1.77827941e+10 -4.81435590e+01  1.77827941e+10  5.87273178e+00 
 1.99526231e+10 -4.81099011e+01  1.99526231e+10  6.49205090e+00 
 2.23872114e+10 -4.80688507e+01  2.23872114e+10  7.17105950e+00 
 2.51188643e+10 -4.80191279e+01  2.51188643e+10  7.91017230e+00 
 2.81838293e+10 -4.79593816e+01  2.81838293e+10  8.70845139e+00 
 3.16227766e+10 -4.78882459e+01  3.16227766e+10  9.56341249e+00 
 3.54813389e+10 -4.78044112e+01  3.54813389e+10  1.04709787e+01 
 3.98107171e+10 -4.77066986e+01  3.98107171e+10  1.14256482e+01 
 4.46683592e+10 -4.75941201e+01  4.46683592e+10  1.24209075e+01 
 5.01187234e+10 -4.74659019e+01  5.01187234e+10  1.34498493e+01 
 5.62341325e+10 -4.73214486e+01  5.62341325e+10  1.45058538e+01 
 6.30957344e+10 -4.71602427e+01  6.30957344e+10  1.55831001e+01 
 7.07945784e+10 -4.69816916e+01  7.07945784e+10  1.66766347e+01 
 7.94328235e+10 -4.67849641e+01  7.94328235e+10  1.77817906e+01 
 8.91250938e+10 -4.65688735e+01  8.91250938e+10  1.88929124e+01 
 1.00000000e+11 -4.63318663e+01  1.00000000e+11  2.00015706e+01 
 1.12201845e+11 -4.60721574e+01  1.12201845e+11  2.10946510e+01 
 1.25892541e+11 -4.57880177e+01  1.25892541e+11  2.21528228e+01 
 1.41253754e+11 -4.54781834e+01  1.41253754e+11  2.31498753e+01 
 1.58489319e+11 -4.51423190e+01  1.58489319e+11  2.40532826e+01 
 1.77827941e+11 -4.47814475e+01  1.77827941e+11  2.48261249e+01 
 1.99526231e+11 -4.43982567e+01  1.99526231e+11  2.54302192e+01 
 2.23872114e+11 -4.39972043e+01  2.23872114e+11  2.58300468e+01 
 2.51188643e+11 -4.35843826e+01  2.51188643e+11  2.59968645e+01 
 2.81838293e+11 -4.31671439e+01  2.81838293e+11  2.59123170e+01 
 3.16227766e+11 -4.27535365e+01  3.16227766e+11  2.55709363e+01 
 3.54813389e+11 -4.23516339e+01  3.54813389e+11  2.49811082e+01 
 3.98107171e+11 -4.19688594e+01  3.98107171e+11  2.41643623e+01 
 4.46683592e+11 -4.16114072e+01  4.46683592e+11  2.31531370e+01 
 5.01187234e+11 -4.12838387e+01  5.01187234e+11  2.19874348e+01 
 5.62341325e+11 -4.09888974e+01  5.62341325e+11  2.07109456e+01 
 6.30957344e+11 -4.07275421e+01  6.30957344e+11  1.93672588e+01 
 7.07945784e+11 -4.04991608e+01  7.07945784e+11  1.79966766e+01 
 7.94328235e+11 -4.03019002e+01  7.94328235e+11  1.66339476e+01 
 8.91250938e+11 -4.01330437e+01  8.91250938e+11  1.53070110e+01 
 1.00000000e+12 -3.99893772e+01  1.00000000e+12  1.40366496e+01 
