 0.00000000e+00  1.51817480e+00 
 1.00000000e-11  1.51817447e+00 
 2.00000000e-11  1.51817420e+00 
 4.00000000e-11  1.51817370e+00 
 8.00000000e-11  1.51817276e+00 
 1.60000000e-10  1.51817083e+00 
 3.20000000e-10  1.51816701e+00 
 6.40000000e-10  1.51815933e+00 
 1.28000000e-09  1.51814396e+00 
 2.28000000e-09  1.51811988e+00 
 3.28000000e-09  1.51809573e+00 
 4.28000000e-09  1.51807150e+00 
 5.28000000e-09  1.51804720e+00 
 6.28000000e-09  1.51802282e+00 
 7.28000000e-09  1.51799837e+00 
 8.28000000e-09  1.51797383e+00 
 9.28000000e-09  1.51794923e+00 
 1.00000000e-08  1.51793146e+00 
 1.01000000e-08  1.51796733e+00 
 1.03000000e-08  1.51803840e+00 
 1.07000000e-08  1.51817965e+00 
 1.10000000e-08  1.51828485e+00 
 1.10800000e-08  1.51828222e+00 
 1.12400000e-08  1.51827747e+00 
 1.15600000e-08  1.51826800e+00 
 1.22000000e-08  1.51824900e+00 
 1.32000000e-08  1.51821928e+00 
 1.42000000e-08  1.51818947e+00 
 1.52000000e-08  1.51815960e+00 
 1.62000000e-08  1.51812964e+00 
 1.72000000e-08  1.51809963e+00 
 1.82000000e-08  1.51806953e+00 
 1.92000000e-08  1.51803937e+00 
 2.02000000e-08  1.51800912e+00 
 2.12000000e-08  1.51797882e+00 
 2.22000000e-08  1.51794842e+00 
 2.32000000e-08  1.51791797e+00 
 2.42000000e-08  1.51788743e+00 
 2.52000000e-08  1.51785683e+00 
 2.62000000e-08  1.51782615e+00 
 2.72000000e-08  1.51779540e+00 
 2.82000000e-08  1.51776457e+00 
 2.92000000e-08  1.51773368e+00 
 3.02000000e-08  1.51770270e+00 
 3.12000000e-08  1.51767166e+00 
 3.22000000e-08  1.51764054e+00 
 3.32000000e-08  1.51760935e+00 
 3.42000000e-08  1.51757808e+00 
 3.52000000e-08  1.51754675e+00 
 3.62000000e-08  1.51751533e+00 
 3.72000000e-08  1.51748385e+00 
 3.82000000e-08  1.51745228e+00 
 3.92000000e-08  1.51742066e+00 
 4.02000000e-08  1.51738894e+00 
 4.12000000e-08  1.51735717e+00 
 4.22000000e-08  1.51732531e+00 
 4.32000000e-08  1.51729339e+00 
 4.42000000e-08  1.51726138e+00 
 4.52000000e-08  1.51722931e+00 
 4.62000000e-08  1.51719715e+00 
 4.72000000e-08  1.51716493e+00 
 4.82000000e-08  1.51713263e+00 
 4.92000000e-08  1.51710026e+00 
 5.02000000e-08  1.51706781e+00 
 5.12000000e-08  1.51703530e+00 
 5.22000000e-08  1.51700270e+00 
 5.32000000e-08  1.51697003e+00 
 5.42000000e-08  1.51693728e+00 
 5.52000000e-08  1.51690448e+00 
 5.62000000e-08  1.51687158e+00 
 5.72000000e-08  1.51683862e+00 
 5.82000000e-08  1.51680557e+00 
 5.92000000e-08  1.51677246e+00 
 6.02000000e-08  1.51673927e+00 
 6.12000000e-08  1.51670601e+00 
 6.22000000e-08  1.51667267e+00 
 6.32000000e-08  1.51663926e+00 
 6.42000000e-08  1.51660577e+00 
 6.52000000e-08  1.51657221e+00 
 6.62000000e-08  1.51653857e+00 
 6.72000000e-08  1.51650487e+00 
 6.82000000e-08  1.51647107e+00 
 6.92000000e-08  1.51643722e+00 
 7.02000000e-08  1.51640328e+00 
 7.12000000e-08  1.51636928e+00 
 7.22000000e-08  1.51633518e+00 
 7.32000000e-08  1.51630103e+00 
 7.42000000e-08  1.51626679e+00 
 7.52000000e-08  1.51623249e+00 
 7.62000000e-08  1.51619810e+00 
 7.72000000e-08  1.51616364e+00 
 7.82000000e-08  1.51612910e+00 
 7.92000000e-08  1.51609450e+00 
 8.02000000e-08  1.51605981e+00 
 8.12000000e-08  1.51602505e+00 
 8.22000000e-08  1.51599021e+00 
 8.32000000e-08  1.51595531e+00 
 8.42000000e-08  1.51592031e+00 
 8.52000000e-08  1.51588526e+00 
 8.62000000e-08  1.51585011e+00 
 8.72000000e-08  1.51581491e+00 
 8.82000000e-08  1.51577961e+00 
 8.92000000e-08  1.51574426e+00 
 9.02000000e-08  1.51570881e+00 
 9.12000000e-08  1.51567330e+00 
 9.22000000e-08  1.51563771e+00 
 9.32000000e-08  1.51560205e+00 
 9.42000000e-08  1.51556630e+00 
 9.52000000e-08  1.51553049e+00 
 9.62000000e-08  1.51549459e+00 
 9.72000000e-08  1.51545863e+00 
 9.82000000e-08  1.51542257e+00 
 9.92000000e-08  1.51538646e+00 
 1.00200000e-07  1.51535026e+00 
 1.01200000e-07  1.51531399e+00 
 1.02200000e-07  1.51527764e+00 
 1.03200000e-07  1.51524122e+00 
 1.04200000e-07  1.51520471e+00 
 1.05200000e-07  1.51516814e+00 
 1.06200000e-07  1.51513148e+00 
 1.07200000e-07  1.51509476e+00 
 1.08200000e-07  1.51505795e+00 
 1.09200000e-07  1.51502107e+00 
 1.10200000e-07  1.51498411e+00 
 1.11000000e-07  1.51495449e+00 
 1.11100000e-07  1.51491257e+00 
 1.11300000e-07  1.51482924e+00 
 1.11700000e-07  1.51466291e+00 
 1.12000000e-07  1.51453845e+00 
 1.12080000e-07  1.51453615e+00 
 1.12240000e-07  1.51453104e+00 
 1.12560000e-07  1.51452077e+00 
 1.13200000e-07  1.51450026e+00 
 1.14200000e-07  1.51446811e+00 
 1.15200000e-07  1.51443591e+00 
 1.16200000e-07  1.51440360e+00 
 1.17200000e-07  1.51437123e+00 
 1.18200000e-07  1.51433876e+00 
 1.19200000e-07  1.51430623e+00 
 1.20200000e-07  1.51427360e+00 
 1.21200000e-07  1.51424092e+00 
 1.22200000e-07  1.51420813e+00 
 1.23200000e-07  1.51417528e+00 
 1.24200000e-07  1.51414232e+00 
 1.25200000e-07  1.51410931e+00 
 1.26200000e-07  1.51407620e+00 
 1.27200000e-07  1.51404303e+00 
 1.28200000e-07  1.51400975e+00 
 1.29200000e-07  1.51397642e+00 
 1.30200000e-07  1.51394298e+00 
 1.31200000e-07  1.51390949e+00 
 1.32200000e-07  1.51387589e+00 
 1.33200000e-07  1.51384223e+00 
 1.34200000e-07  1.51380847e+00 
 1.35200000e-07  1.51377465e+00 
 1.36200000e-07  1.51374073e+00 
 1.37200000e-07  1.51370674e+00 
 1.38200000e-07  1.51367266e+00 
 1.39200000e-07  1.51363852e+00 
 1.40200000e-07  1.51360427e+00 
 1.41200000e-07  1.51356996e+00 
 1.42200000e-07  1.51353555e+00 
 1.43200000e-07  1.51350108e+00 
 1.44200000e-07  1.51346651e+00 
 1.45200000e-07  1.51343187e+00 
 1.46200000e-07  1.51339714e+00 
 1.47200000e-07  1.51336234e+00 
 1.48200000e-07  1.51332745e+00 
 1.49200000e-07  1.51329248e+00 
 1.50200000e-07  1.51325742e+00 
 1.51200000e-07  1.51322230e+00 
 1.52200000e-07  1.51318707e+00 
 1.53200000e-07  1.51315179e+00 
 1.54200000e-07  1.51311640e+00 
 1.55200000e-07  1.51308094e+00 
 1.56200000e-07  1.51304539e+00 
 1.57200000e-07  1.51300978e+00 
 1.58200000e-07  1.51297406e+00 
 1.59200000e-07  1.51293828e+00 
 1.60200000e-07  1.51290240e+00 
 1.61200000e-07  1.51286645e+00 
 1.62200000e-07  1.51283041e+00 
 1.63200000e-07  1.51279430e+00 
 1.64200000e-07  1.51275809e+00 
 1.65200000e-07  1.51272182e+00 
 1.66200000e-07  1.51268544e+00 
 1.67200000e-07  1.51264900e+00 
 1.68200000e-07  1.51261247e+00 
 1.69200000e-07  1.51257586e+00 
 1.70200000e-07  1.51253916e+00 
 1.71200000e-07  1.51250239e+00 
 1.72200000e-07  1.51246552e+00 
 1.73200000e-07  1.51242858e+00 
 1.74200000e-07  1.51239155e+00 
 1.75200000e-07  1.51235445e+00 
 1.76200000e-07  1.51231725e+00 
 1.77200000e-07  1.51227998e+00 
 1.78200000e-07  1.51224261e+00 
 1.79200000e-07  1.51220518e+00 
 1.80200000e-07  1.51216765e+00 
 1.81200000e-07  1.51213005e+00 
 1.82200000e-07  1.51209235e+00 
 1.83200000e-07  1.51205459e+00 
 1.84200000e-07  1.51201672e+00 
 1.85200000e-07  1.51197879e+00 
 1.86200000e-07  1.51194076e+00 
 1.87200000e-07  1.51190266e+00 
 1.88200000e-07  1.51186446e+00 
 1.89200000e-07  1.51182620e+00 
 1.90200000e-07  1.51178784e+00 
 1.91200000e-07  1.51174940e+00 
 1.92200000e-07  1.51171087e+00 
 1.93200000e-07  1.51167227e+00 
 1.94200000e-07  1.51163357e+00 
 1.95200000e-07  1.51159481e+00 
 1.96200000e-07  1.51155594e+00 
 1.97200000e-07  1.51151701e+00 
 1.98200000e-07  1.51147797e+00 
 1.99200000e-07  1.51143887e+00 
 2.00200000e-07  1.51139967e+00 
 2.01200000e-07  1.51136040e+00 
 2.02200000e-07  1.51132103e+00 
 2.03200000e-07  1.51128159e+00 
 2.04200000e-07  1.51124206e+00 
 2.05200000e-07  1.51120245e+00 
 2.06200000e-07  1.51116275e+00 
 2.07200000e-07  1.51112297e+00 
 2.08200000e-07  1.51108310e+00 
 2.09200000e-07  1.51104315e+00 
 2.10000000e-07  1.51101113e+00 
 2.10100000e-07  1.51104566e+00 
 2.10300000e-07  1.51111405e+00 
 2.10700000e-07  1.51124985e+00 
 2.11000000e-07  1.51135089e+00 
 2.11080000e-07  1.51134698e+00 
 2.11240000e-07  1.51133967e+00 
 2.11560000e-07  1.51132507e+00 
 2.12200000e-07  1.51129582e+00 
 2.13200000e-07  1.51125008e+00 
 2.14200000e-07  1.51120424e+00 
 2.15200000e-07  1.51115834e+00 
 2.16200000e-07  1.51111234e+00 
 2.17200000e-07  1.51106628e+00 
 2.18200000e-07  1.51102012e+00 
 2.19200000e-07  1.51097389e+00 
 2.20200000e-07  1.51092757e+00 
 2.21200000e-07  1.51088119e+00 
 2.22200000e-07  1.51083470e+00 
 2.23200000e-07  1.51078816e+00 
 2.24200000e-07  1.51074151e+00 
 2.25200000e-07  1.51069480e+00 
 2.26200000e-07  1.51064800e+00 
 2.27200000e-07  1.51060113e+00 
 2.28200000e-07  1.51055416e+00 
 2.29200000e-07  1.51050713e+00 
 2.30200000e-07  1.51046000e+00 
 2.31200000e-07  1.51041280e+00 
 2.32200000e-07  1.51036551e+00 
 2.33200000e-07  1.51031815e+00 
 2.34200000e-07  1.51027070e+00 
 2.35200000e-07  1.51022318e+00 
 2.36200000e-07  1.51017556e+00 
 2.37200000e-07  1.51012788e+00 
 2.38200000e-07  1.51008010e+00 
 2.39200000e-07  1.51003226e+00 
 2.40200000e-07  1.50998432e+00 
 2.41200000e-07  1.50993631e+00 
 2.42200000e-07  1.50988821e+00 
 2.43200000e-07  1.50984004e+00 
 2.44200000e-07  1.50979177e+00 
 2.45200000e-07  1.50974344e+00 
 2.46200000e-07  1.50969501e+00 
 2.47200000e-07  1.50964651e+00 
 2.48200000e-07  1.50959791e+00 
 2.49200000e-07  1.50954926e+00 
 2.50200000e-07  1.50950050e+00 
 2.51200000e-07  1.50945167e+00 
 2.52200000e-07  1.50940275e+00 
 2.53200000e-07  1.50935377e+00 
 2.54200000e-07  1.50930468e+00 
 2.55200000e-07  1.50925553e+00 
 2.56200000e-07  1.50920628e+00 
 2.57200000e-07  1.50915697e+00 
 2.58200000e-07  1.50910756e+00 
 2.59200000e-07  1.50905808e+00 
 2.60200000e-07  1.50900850e+00 
 2.61200000e-07  1.50895886e+00 
 2.62200000e-07  1.50890912e+00 
 2.63200000e-07  1.50885931e+00 
 2.64200000e-07  1.50880940e+00 
 2.65200000e-07  1.50875943e+00 
 2.66200000e-07  1.50870936e+00 
 2.67200000e-07  1.50865922e+00 
 2.68200000e-07  1.50860899e+00 
 2.69200000e-07  1.50855868e+00 
 2.70200000e-07  1.50850829e+00 
 2.71200000e-07  1.50845782e+00 
 2.72200000e-07  1.50840725e+00 
 2.73200000e-07  1.50835662e+00 
 2.74200000e-07  1.50830589e+00 
 2.75200000e-07  1.50825509e+00 
 2.76200000e-07  1.50820420e+00 
 2.77200000e-07  1.50815323e+00 
 2.78200000e-07  1.50810218e+00 
 2.79200000e-07  1.50805105e+00 
 2.80200000e-07  1.50799982e+00 
 2.81200000e-07  1.50794852e+00 
 2.82200000e-07  1.50789713e+00 
 2.83200000e-07  1.50784567e+00 
 2.84200000e-07  1.50779411e+00 
 2.85200000e-07  1.50774249e+00 
 2.86200000e-07  1.50769076e+00 
 2.87200000e-07  1.50763897e+00 
 2.88200000e-07  1.50758708e+00 
 2.89200000e-07  1.50753512e+00 
 2.90200000e-07  1.50748306e+00 
 2.91200000e-07  1.50743094e+00 
 2.92200000e-07  1.50737872e+00 
 2.93200000e-07  1.50732642e+00 
 2.94200000e-07  1.50727403e+00 
 2.95200000e-07  1.50722157e+00 
 2.96200000e-07  1.50716902e+00 
 2.97200000e-07  1.50711639e+00 
 2.98200000e-07  1.50706367e+00 
 2.99200000e-07  1.50701087e+00 
 3.00000000e-07  1.50696857e+00 
